node_id,lat,lon,threshold,prec,evap,in_degree,out_degree,clustering,ffl
0,-6.12565445026178,-78.75,1.0,0.0,,0,12,0.5,78
1,-5.183246073298429,-78.75,1.0,37.30515363775307,,1,17,0.4,129
2,-4.2408376963350785,-78.75,1.0,198.2197791437916,,6,22,0.29475308641975306,170
3,-3.298429319371728,-78.75,1.0,124.43141607199803,,2,18,0.3464052287581699,126
4,-2.356020942408377,-78.75,1.0,52.47427876631728,,2,14,0.44505494505494503,96
5,-1.4136125654450262,-78.75,1.0,5.713242158341444,,0,12,0.44696969696969696,71
6,-8.952879581151834,-77.5,1.0,4.886289456639577,,0,21,0.3523809523809524,169
7,-8.010471204188482,-77.5,1.0,96.82443148713769,,4,14,0.45,94
8,-7.0680628272251305,-77.5,1.0,117.87622783898345,,7,11,0.4666666666666667,64
9,-6.12565445026178,-77.5,1.0,192.71011932379812,,10,19,0.3242857142857143,149
10,-5.183246073298429,-77.5,1.0,251.80628975641343,,13,14,0.3394648829431438,96
11,-4.2408376963350785,-77.5,1.0,286.2553880892937,,15,12,0.33557046979865773,72
12,-3.298429319371728,-77.5,1.0,279.7782094331803,,12,11,0.3397129186602871,64
13,-2.356020942408377,-77.5,1.0,219.0712208005711,,9,12,0.3654970760233918,72
14,-1.4136125654450262,-77.5,1.0,286.5542383518839,,9,11,0.3815789473684211,61
15,-0.4712041884816754,-77.5,1.0,264.2074191059627,,7,10,0.39903846153846156,46
16,0.4712041884816754,-77.5,1.0,208.02125531287854,,5,6,0.4444444444444444,19
17,-10.837696335078537,-76.25,1.0,0.0,,0,22,0.36363636363636365,189
18,-9.895287958115185,-76.25,1.0,40.32418379122561,,1,22,0.3616600790513834,188
19,-8.952879581151834,-76.25,1.0,303.3734985407089,,5,33,0.25317460317460316,303
20,-8.010471204188482,-76.25,1.0,216.59372459196447,,7,17,0.4090909090909091,129
21,-7.0680628272251305,-76.25,1.0,257.9324677658906,,14,10,0.391304347826087,60
22,-6.12565445026178,-76.25,1.0,268.63011711138824,,19,10,0.3628571428571429,58
23,-5.183246073298429,-76.25,1.0,294.11793905396735,,22,15,0.3093220338983051,96
24,-4.2408376963350785,-76.25,1.0,236.71634079299207,,19,14,0.3203463203463203,82
25,-3.298429319371728,-76.25,1.0,231.67351889664116,,19,12,0.28465346534653463,56
26,-2.356020942408377,-76.25,1.0,191.95959344681532,,14,9,0.3357142857142857,39
27,-1.4136125654450262,-76.25,1.0,210.73770843276148,,16,10,0.3266423357664234,53
28,-0.4712041884816754,-76.25,1.0,248.66424170794127,,13,9,0.3696808510638298,41
29,0.4712041884816754,-76.25,1.0,247.6732181694382,,10,5,0.38461538461538464,13
30,1.4136125654450262,-76.25,1.0,144.13244808511155,,4,3,0.3,5
31,-13.664921465968591,-75.0,1.0,0.0,,0,2,0.5,3
32,-12.72251308900524,-75.0,1.0,0.0,,0,14,0.38461538461538464,83
33,-11.780104712041888,-75.0,1.0,49.56191790538052,,1,17,0.37254901960784315,119
34,-10.837696335078537,-75.0,1.0,302.4190218934682,,4,25,0.301994301994302,218
35,-9.895287958115185,-75.0,1.0,307.93928813437543,,10,14,0.36147186147186144,88
36,-8.952879581151834,-75.0,1.0,237.3562940941348,,17,12,0.2948717948717949,67
37,-8.010471204188482,-75.0,1.0,217.63765719039458,,18,11,0.31285714285714283,63
38,-7.0680628272251305,-75.0,1.0,218.0837662333727,,19,10,0.3057142857142857,53
39,-6.12565445026178,-75.0,1.0,256.10804198598987,,25,12,0.2876480541455161,70
40,-5.183246073298429,-75.0,1.0,281.23449393307465,,26,14,0.2707736389684814,89
41,-4.2408376963350785,-75.0,1.0,280.12812247403315,,24,15,0.2564102564102564,85
42,-3.298429319371728,-75.0,1.0,288.55474076231604,,21,11,0.2759815242494226,50
43,-2.356020942408377,-75.0,1.0,224.24882691495623,,14,9,0.2761904761904762,34
44,-1.4136125654450262,-75.0,1.0,220.04911180447212,,17,12,0.25142857142857145,53
45,-0.4712041884816754,-75.0,1.0,215.8785230269541,,18,8,0.28909090909090907,28
46,0.4712041884816754,-75.0,1.0,157.71917294498166,,13,4,0.40476190476190477,9
47,1.4136125654450262,-75.0,1.0,141.846662685768,,9,2,0.4444444444444444,3
48,2.356020942408377,-75.0,1.0,96.02110809890675,,2,1,0.0,1
49,-14.607329842931941,-73.75,1.0,12.803912083412273,,0,4,0.5,10
50,-13.664921465968591,-73.75,1.0,0.0,,0,6,0.43333333333333335,19
51,-12.72251308900524,-73.75,1.0,77.56063408429439,,4,17,0.2807017543859649,109
52,-11.780104712041888,-73.75,1.0,154.4270239880004,,10,20,0.2328042328042328,142
53,-10.837696335078537,-73.75,1.0,222.11775577348737,,17,9,0.25181159420289856,44
54,-9.895287958115185,-73.75,1.0,220.98332600157948,,23,9,0.27546296296296297,47
55,-8.952879581151834,-73.75,1.0,207.3432093645085,,24,12,0.27019748653500897,72
56,-8.010471204188482,-73.75,1.0,222.4580698479545,,27,10,0.24196277495769883,60
57,-7.0680628272251305,-73.75,1.0,217.97671367406463,,14,12,0.31684981684981683,70
58,-6.12565445026178,-73.75,1.0,240.99423193151952,,13,14,0.3152542372881356,85
59,-5.183246073298429,-73.75,1.0,285.2870299543067,,16,11,0.30808080808080807,58
60,-4.2408376963350785,-73.75,1.0,256.0989678403372,,11,11,0.3148148148148148,51
61,-3.298429319371728,-73.75,1.0,250.98209003241973,,10,8,0.3125,29
62,-2.356020942408377,-73.75,1.0,241.25817967002746,,12,8,0.26143790849673204,29
63,-1.4136125654450262,-73.75,1.0,186.73326584559823,,7,9,0.25274725274725274,34
64,-0.4712041884816754,-73.75,1.0,178.98258630412175,,9,6,0.28846153846153844,17
65,0.4712041884816754,-73.75,1.0,169.52625164373595,,16,4,0.33986928104575165,8
66,1.4136125654450262,-73.75,1.0,165.94149563457734,,18,1,0.38235294117647056,1
67,-14.607329842931941,-72.5,1.0,0.0,,0,17,0.35661764705882354,114
68,-13.664921465968591,-72.5,1.0,0.0,,0,11,0.36363636363636365,51
69,-12.72251308900524,-72.5,1.0,21.775810338132178,,0,16,0.31666666666666665,92
70,-11.780104712041888,-72.5,1.0,247.8680828963552,,13,10,0.319047619047619,52
71,-10.837696335078537,-72.5,1.0,233.05622213351697,,22,9,0.3246268656716418,50
72,-9.895287958115185,-72.5,1.0,198.1728157570147,,22,12,0.3112244897959184,73
73,-8.952879581151834,-72.5,1.0,191.71344654873198,,13,12,0.3353413654618474,67
74,-8.010471204188482,-72.5,1.0,183.23526742385891,,9,11,0.375,59
75,-7.0680628272251305,-72.5,1.0,211.86827185110812,,9,12,0.30654761904761907,58
76,-6.12565445026178,-72.5,1.0,225.9437044926323,,8,10,0.3601694915254237,44
77,-5.183246073298429,-72.5,1.0,291.0419919262405,,12,10,0.2698412698412698,42
78,-4.2408376963350785,-72.5,1.0,264.0657723281462,,11,9,0.2679738562091503,34
79,-3.298429319371728,-72.5,1.0,238.24492360007062,,10,9,0.2536764705882353,34
80,-2.356020942408377,-72.5,1.0,238.5765460991333,,11,10,0.22807017543859648,45
81,-1.4136125654450262,-72.5,1.0,189.7825419192577,,7,10,0.2571428571428571,46
82,-0.4712041884816754,-72.5,1.0,179.82533455297934,,7,9,0.23626373626373626,34
83,0.4712041884816754,-72.5,1.0,162.13567983780393,,8,5,0.2636363636363636,13
84,1.4136125654450262,-72.5,1.0,144.1459401985396,,6,2,0.36666666666666664,3
85,-14.607329842931941,-71.25,1.0,0.0,,0,25,0.245,172
86,-13.664921465968591,-71.25,1.0,0.0,,0,17,0.36764705882352944,117
87,-12.72251308900524,-71.25,1.0,271.1684601620368,,8,18,0.3351449275362319,127
88,-11.780104712041888,-71.25,1.0,260.0620653425144,,19,7,0.3102189781021898,35
89,-10.837696335078537,-71.25,1.0,217.25478953696327,,22,8,0.3418230563002681,40
90,-9.895287958115185,-71.25,1.0,201.92550306519468,,18,10,0.3103448275862069,51
91,-8.952879581151834,-71.25,1.0,163.04062551934393,,9,9,0.3076923076923077,35
92,-8.010471204188482,-71.25,1.0,155.36858932799169,,5,7,0.375,25
93,-7.0680628272251305,-71.25,1.0,210.6333328234056,,6,9,0.2564102564102564,35
94,-6.12565445026178,-71.25,1.0,234.3399788360121,,9,8,0.2523809523809524,29
95,-5.183246073298429,-71.25,1.0,194.94973265991356,,7,8,0.2948717948717949,30
96,-4.2408376963350785,-71.25,1.0,252.86147737043134,,10,7,0.2761904761904762,23
97,-3.298429319371728,-71.25,1.0,225.73119469914474,,10,8,0.22916666666666666,29
98,-2.356020942408377,-71.25,1.0,226.009844816197,,8,13,0.24269005847953215,76
99,-1.4136125654450262,-71.25,1.0,197.69316655097592,,8,12,0.24836601307189543,64
100,-0.4712041884816754,-71.25,1.0,221.3825763169906,,7,9,0.2802197802197802,37
101,0.4712041884816754,-71.25,1.0,199.03370328540856,,8,6,0.25757575757575757,18
102,1.4136125654450262,-71.25,1.0,132.65494444979146,,5,3,0.26666666666666666,6
103,-13.664921465968591,-70.0,1.0,77.19015430239797,,3,18,0.391812865497076,137
104,-12.72251308900524,-70.0,1.0,271.35548855091406,,13,9,0.3394736842105263,47
105,-11.780104712041888,-70.0,1.0,208.50191772796416,,22,6,0.2826086956521739,24
106,-10.837696335078537,-70.0,1.0,194.84611943732318,,19,8,0.28885135135135137,34
107,-9.895287958115185,-70.0,1.0,168.34778628180885,,5,7,0.29545454545454547,23
108,-8.952879581151834,-70.0,1.0,175.84232763182158,,7,6,0.2545454545454545,18
109,-8.010471204188482,-70.0,1.0,151.6133646902974,,5,6,0.25,18
110,-7.0680628272251305,-70.0,1.0,184.7388922969092,,6,5,0.2777777777777778,13
111,-6.12565445026178,-70.0,1.0,207.08371490467866,,7,7,0.23484848484848486,24
112,-5.183246073298429,-70.0,1.0,219.88931305632875,,7,7,0.26515151515151514,23
113,-4.2408376963350785,-70.0,1.0,203.39074450127575,,7,6,0.3,19
114,-3.298429319371728,-70.0,1.0,215.49934859924093,,8,10,0.2375,47
115,-2.356020942408377,-70.0,1.0,219.38227698987163,,7,12,0.27941176470588236,65
116,-1.4136125654450262,-70.0,1.0,224.55850659138252,,7,14,0.30409356725146197,93
117,-0.4712041884816754,-70.0,1.0,291.51786740722747,,9,13,0.26052631578947366,78
118,0.4712041884816754,-70.0,1.0,265.28339128906185,,7,12,0.27205882352941174,67
119,1.4136125654450262,-70.0,1.0,215.93994774320595,,7,6,0.2818181818181818,23
120,-15.549738219895294,-68.75,1.0,0.0,,0,20,0.26052631578947366,118
121,-14.607329842931941,-68.75,1.0,35.49719645699297,,1,15,0.31666666666666665,76
122,-13.664921465968591,-68.75,1.0,257.84776368942636,,10,11,0.38011695906432746,64
123,-12.72251308900524,-68.75,1.0,174.33678537161893,,16,5,0.2894736842105263,18
124,-11.780104712041888,-68.75,1.0,181.08971596414506,,18,6,0.2324561403508772,20
125,-10.837696335078537,-68.75,1.0,160.8265505567001,,8,7,0.2077922077922078,23
126,-9.895287958115185,-68.75,1.0,136.43582625835322,,4,6,0.25,18
127,-8.952879581151834,-68.75,1.0,155.32234816776807,,5,6,0.25,18
128,-8.010471204188482,-68.75,1.0,186.85055985092953,,5,6,0.2361111111111111,17
129,-7.0680628272251305,-68.75,1.0,195.34364066349406,,6,6,0.2111111111111111,17
130,-6.12565445026178,-68.75,1.0,222.2682278108356,,7,6,0.20909090909090908,17
131,-5.183246073298429,-68.75,1.0,232.83650497666443,,7,6,0.24545454545454545,18
132,-4.2408376963350785,-68.75,1.0,259.7600043883812,,10,7,0.20952380952380953,25
133,-3.298429319371728,-68.75,1.0,220.13634977571738,,9,9,0.24166666666666667,42
134,-2.356020942408377,-68.75,1.0,217.07822049556177,,8,12,0.2549019607843137,63
135,-1.4136125654450262,-68.75,1.0,247.11646458195958,,8,14,0.29210526315789476,91
136,-0.4712041884816754,-68.75,1.0,305.64415512468025,,11,14,0.2857142857142857,93
137,0.4712041884816754,-68.75,1.0,323.6449732452268,,11,16,0.24161073825503357,102
138,1.4136125654450262,-68.75,1.0,281.9840909896153,,8,10,0.3389830508474576,52
139,2.356020942408377,-68.75,1.0,256.57073894835247,,5,4,0.35714285714285715,11
140,-16.492146596858646,-67.5,1.0,0.0,,0,11,0.2818181818181818,42
141,-15.549738219895294,-67.5,1.0,146.46887208736976,,3,17,0.25163398692810457,84
142,-14.607329842931941,-67.5,1.0,120.1490816632881,,7,6,0.35454545454545455,17
143,-13.664921465968591,-67.5,1.0,90.07290487593002,,8,3,0.3333333333333333,6
144,-12.72251308900524,-67.5,1.0,47.82811359798585,,0,4,0.5,10
145,-11.780104712041888,-67.5,1.0,143.75843234601697,,4,4,0.2857142857142857,10
146,-10.837696335078537,-67.5,1.0,177.5876908236576,,6,5,0.1388888888888889,12
147,-9.895287958115185,-67.5,1.0,104.95474954408138,,2,6,0.3,18
148,-8.952879581151834,-67.5,1.0,175.94082069726542,,5,6,0.2222222222222222,18
149,-8.010471204188482,-67.5,1.0,174.40685582468242,,6,5,0.2222222222222222,13
150,-7.0680628272251305,-67.5,1.0,189.18519157877265,,6,7,0.21818181818181817,24
151,-6.12565445026178,-67.5,1.0,190.74791939179144,,5,5,0.30357142857142855,14
152,-5.183246073298429,-67.5,1.0,192.52726883785377,,6,7,0.20909090909090908,23
153,-4.2408376963350785,-67.5,1.0,205.95518302356916,,7,11,0.225,55
154,-3.298429319371728,-67.5,1.0,206.66827900413767,,7,12,0.2610294117647059,66
155,-2.356020942408377,-67.5,1.0,220.27889554828502,,8,13,0.25146198830409355,70
156,-1.4136125654450262,-67.5,1.0,235.44808689823924,,9,16,0.2777777777777778,103
157,-0.4712041884816754,-67.5,1.0,283.05010631319783,,10,18,0.2848297213622291,126
158,0.4712041884816754,-67.5,1.0,327.39290100336103,,11,14,0.312,84
159,1.4136125654450262,-67.5,1.0,319.16274099946014,,9,12,0.33532934131736525,63
160,2.356020942408377,-67.5,1.0,343.37430822839366,,8,5,0.44339622641509435,16
161,-18.376963350785346,-66.25,1.0,0.0,,0,0,0.0,0
162,-17.434554973821996,-66.25,1.0,0.0,,0,2,0.0,2
163,-16.492146596858646,-66.25,1.0,42.62727263398802,,1,11,0.2222222222222222,41
164,-15.549738219895294,-66.25,1.0,155.48733341152152,,9,3,0.16666666666666666,6
165,-14.607329842931941,-66.25,1.0,138.90480806475222,,12,1,0.24545454545454545,1
166,-13.664921465968591,-66.25,1.0,11.611613585218809,,0,0,0.0,0
167,-12.72251308900524,-66.25,1.0,0.0,,0,3,0.3333333333333333,5
168,-11.780104712041888,-66.25,1.0,94.8120517375316,,2,4,0.25,9
169,-10.837696335078537,-66.25,1.0,124.18384850601595,,2,4,0.25,9
170,-9.895287958115185,-66.25,1.0,136.69323793771784,,5,5,0.17857142857142858,12
171,-8.952879581151834,-66.25,1.0,144.39496037895765,,5,6,0.20833333333333334,18
172,-8.010471204188482,-66.25,1.0,169.97642124248736,,6,5,0.2222222222222222,13
173,-7.0680628272251305,-66.25,1.0,183.69842183195598,,6,6,0.2222222222222222,17
174,-6.12565445026178,-66.25,1.0,186.7286723659358,,6,6,0.2222222222222222,18
175,-5.183246073298429,-66.25,1.0,187.3503166364277,,6,8,0.22727272727272727,31
176,-4.2408376963350785,-66.25,1.0,194.04330885373597,,5,10,0.28205128205128205,45
177,-3.298429319371728,-66.25,1.0,210.82141786484303,,6,13,0.27205882352941174,70
178,-2.356020942408377,-66.25,1.0,221.37641451212082,,8,14,0.2578947368421053,77
179,-1.4136125654450262,-66.25,1.0,240.44936652154604,,12,17,0.24285714285714285,99
180,-0.4712041884816754,-66.25,1.0,254.4091110404449,,14,17,0.2623762376237624,102
181,0.4712041884816754,-66.25,1.0,255.32452951226682,,12,13,0.32270916334661354,70
182,1.4136125654450262,-66.25,1.0,200.33656508497393,,7,12,0.33955223880597013,55
183,2.356020942408377,-66.25,1.0,302.8639986296844,,9,7,0.3707865168539326,23
184,-18.376963350785346,-65.0,1.0,0.0,,0,2,0.0,2
185,-17.434554973821996,-65.0,1.0,28.31797010497902,,0,5,0.25,10
186,-16.492146596858646,-65.0,1.0,116.50379596460235,,9,3,0.13333333333333333,6
187,-15.549738219895294,-65.0,1.0,150.81030379153853,,7,2,0.35714285714285715,3
188,-14.607329842931941,-65.0,1.0,73.95207145295672,,0,1,0.0,1
189,-13.664921465968591,-65.0,1.0,16.604128683535855,,0,0,0.0,0
190,-12.72251308900524,-65.0,1.0,0.0,,0,2,0.5,3
191,-11.780104712041888,-65.0,1.0,97.09082434646048,,2,3,0.3333333333333333,6
192,-10.837696335078537,-65.0,1.0,154.77018995241616,,4,3,0.15,6
193,-9.895287958115185,-65.0,1.0,142.47210364216926,,5,3,0.16666666666666666,6
194,-8.952879581151834,-65.0,1.0,175.1204312728052,,5,6,0.18055555555555555,18
195,-8.010471204188482,-65.0,1.0,178.4094472256963,,5,7,0.2111111111111111,24
196,-7.0680628272251305,-65.0,1.0,192.2613818958465,,6,7,0.23636363636363636,25
197,-6.12565445026178,-65.0,1.0,187.913583050377,,6,8,0.2196969696969697,29
198,-5.183246073298429,-65.0,1.0,208.09098483613596,,8,7,0.22435897435897437,24
199,-4.2408376963350785,-65.0,1.0,222.23722816527084,,7,10,0.23333333333333334,42
200,-3.298429319371728,-65.0,1.0,213.6417532169371,,7,10,0.2857142857142857,44
201,-2.356020942408377,-65.0,1.0,236.09805049257773,,11,12,0.26666666666666666,66
202,-1.4136125654450262,-65.0,1.0,233.18727478593118,,12,15,0.24166666666666667,78
203,-0.4712041884816754,-65.0,1.0,231.23428669991054,,14,12,0.27717391304347827,50
204,0.4712041884816754,-65.0,1.0,234.49243321532597,,14,9,0.3119047619047619,30
205,1.4136125654450262,-65.0,1.0,217.38111767092477,,12,6,0.35,14
206,-20.261780104712045,-63.75,1.0,137.27722870677542,,0,1,0.0,1
207,-19.319371727748695,-63.75,1.0,41.34633037843102,,1,3,0.0,5
208,-18.376963350785346,-63.75,1.0,81.43753986551765,,5,1,0.0,1
209,-17.434554973821996,-63.75,1.0,42.62633578228577,,0,1,0.0,1
210,-16.492146596858646,-63.75,1.0,107.31080878876715,,2,1,0.0,1
211,-15.549738219895294,-63.75,1.0,88.61771972967209,,1,2,0.0,3
212,-14.607329842931941,-63.75,1.0,148.64853803801847,,4,1,0.0,1
213,-13.664921465968591,-63.75,1.0,79.17057653837257,,0,0,0.0,0
214,-12.72251308900524,-63.75,1.0,65.34804694153908,,1,3,0.5,6
215,-11.780104712041888,-63.75,1.0,127.62703813355314,,2,3,0.16666666666666666,5
216,-10.837696335078537,-63.75,1.0,162.30477365469628,,4,2,0.08333333333333333,3
217,-9.895287958115185,-63.75,1.0,125.85630864452244,,2,4,0.16666666666666666,9
218,-8.952879581151834,-63.75,1.0,133.37519177683166,,3,6,0.2619047619047619,18
219,-8.010471204188482,-63.75,1.0,170.9450330767796,,5,7,0.25555555555555554,26
220,-7.0680628272251305,-63.75,1.0,184.25673917340637,,6,9,0.25,38
221,-6.12565445026178,-63.75,1.0,196.3278010640717,,6,10,0.24725274725274726,45
222,-5.183246073298429,-63.75,1.0,212.4477334524892,,7,10,0.22857142857142856,44
223,-4.2408376963350785,-63.75,1.0,222.26384928623818,,7,9,0.25824175824175827,38
224,-3.298429319371728,-63.75,1.0,240.16957165364798,,8,10,0.25833333333333336,43
225,-2.356020942408377,-63.75,1.0,271.4596724226338,,12,10,0.2578947368421053,45
226,-1.4136125654450262,-63.75,1.0,249.81110161889828,,13,9,0.2657894736842105,37
227,-0.4712041884816754,-63.75,1.0,189.1811467014542,,11,9,0.3006535947712418,32
228,0.4712041884816754,-63.75,1.0,157.7404667229752,,13,6,0.3713235294117647,15
229,1.4136125654450262,-63.75,1.0,149.20233246561352,,13,4,0.40476190476190477,8
230,3.298429319371728,-63.75,1.0,112.19434997182354,,8,2,0.5178571428571429,2
231,-19.319371727748695,-62.5,1.0,0.0,,0,0,0.0,0
232,-18.376963350785346,-62.5,1.0,0.0,,0,0,0.0,0
233,-17.434554973821996,-62.5,1.0,0.0,,0,0,0.0,0
234,-16.492146596858646,-62.5,1.0,81.03150648954427,,0,1,0.0,1
235,-15.549738219895294,-62.5,1.0,118.27945764489388,,2,3,0.0,5
236,-14.607329842931941,-62.5,1.0,145.77895987000343,,3,2,0.0,3
237,-13.664921465968591,-62.5,1.0,118.49707299462601,,2,2,0.0,3
238,-12.72251308900524,-62.5,1.0,76.59318787826311,,2,1,0.0,1
239,-11.780104712041888,-62.5,1.0,49.97326616920253,,0,1,0.0,1
240,-10.837696335078537,-62.5,1.0,39.69435818050962,,0,4,0.5,10
241,-9.895287958115185,-62.5,1.0,123.01321208385845,,2,7,0.3333333333333333,24
242,-8.952879581151834,-62.5,1.0,182.82736090305303,,6,7,0.21818181818181817,25
243,-8.010471204188482,-62.5,1.0,168.4977794160801,,5,10,0.26282051282051283,47
244,-7.0680628272251305,-62.5,1.0,230.05771191319408,,7,10,0.2523809523809524,46
245,-6.12565445026178,-62.5,1.0,239.79328709119324,,9,10,0.21691176470588236,41
246,-5.183246073298429,-62.5,1.0,264.79611894607183,,8,10,0.2375,43
247,-4.2408376963350785,-62.5,1.0,249.80726492916116,,8,9,0.2619047619047619,38
248,-3.298429319371728,-62.5,1.0,300.6181874592041,,11,11,0.2131578947368421,54
249,-2.356020942408377,-62.5,1.0,313.3324754525736,,12,13,0.233201581027668,72
250,-1.4136125654450262,-62.5,1.0,248.80120845242624,,11,8,0.3125,31
251,-0.4712041884816754,-62.5,1.0,211.3550372783418,,14,6,0.29411764705882354,18
252,0.4712041884816754,-62.5,1.0,122.30146321949957,,10,6,0.38461538461538464,14
253,1.4136125654450262,-62.5,1.0,121.21609291486888,,17,3,0.35294117647058826,4
254,2.356020942408377,-62.5,1.0,103.59429091629472,,13,2,0.4166666666666667,2
255,3.298429319371728,-62.5,1.0,68.29401603962592,,9,0,0.5,0
256,-18.376963350785346,-61.25,1.0,0.0,,0,0,0.0,0
257,-17.434554973821996,-61.25,1.0,0.0,,0,0,0.0,0
258,-16.492146596858646,-61.25,1.0,38.84954214649071,,0,0,0.0,0
259,-15.549738219895294,-61.25,1.0,25.76276621095053,,0,1,0.0,1
260,-14.607329842931941,-61.25,1.0,48.79337110185791,,0,1,0.0,1
261,-13.664921465968591,-61.25,1.0,104.4163087455464,,2,1,0.0,1
262,-12.72251308900524,-61.25,1.0,32.69866166909058,,0,3,0.5,6
263,-11.780104712041888,-61.25,1.0,85.73241562790726,,2,6,0.36666666666666664,20
264,-10.837696335078537,-61.25,1.0,111.98905058507897,,2,6,0.43333333333333335,21
265,-9.895287958115185,-61.25,1.0,206.66948609842908,,7,8,0.2597402597402597,32
266,-8.952879581151834,-61.25,1.0,203.2755128918479,,7,7,0.26515151515151514,27
267,-8.010471204188482,-61.25,1.0,219.25392498092486,,7,9,0.26373626373626374,37
268,-7.0680628272251305,-61.25,1.0,257.99565842242856,,8,10,0.25416666666666665,47
269,-6.12565445026178,-61.25,1.0,293.8178152509399,,9,12,0.2309941520467836,59
270,-5.183246073298429,-61.25,1.0,266.3940294313841,,8,12,0.24509803921568626,58
271,-4.2408376963350785,-61.25,1.0,263.65705530804337,,8,10,0.24583333333333332,40
272,-3.298429319371728,-61.25,1.0,300.5107688323492,,8,10,0.2708333333333333,47
273,-2.356020942408377,-61.25,1.0,282.58989894808354,,8,15,0.2523809523809524,91
274,-1.4136125654450262,-61.25,1.0,269.4248699401352,,11,12,0.2523809523809524,59
275,-0.4712041884816754,-61.25,1.0,238.0987604211778,,14,7,0.2719298245614035,20
276,0.4712041884816754,-61.25,1.0,171.8137542351096,,13,5,0.32916666666666666,9
277,1.4136125654450262,-61.25,1.0,106.10715191576499,,16,2,0.35,2
278,2.356020942408377,-61.25,1.0,73.4371502130829,,17,0,0.36764705882352944,0
279,3.298429319371728,-61.25,1.0,4.346685890538384,,0,0,0.0,0
280,4.2408376963350785,-61.25,1.0,0.7296053702534852,,0,0,0.0,0
281,-15.549738219895294,-60.0,1.0,0.0,,0,0,0.0,0
282,-14.607329842931941,-60.0,1.0,5.099623638861367,,0,0,0.0,0
283,-13.664921465968591,-60.0,1.0,49.116064802857245,,0,2,0.5,3
284,-12.72251308900524,-60.0,1.0,119.98495549449396,,2,4,0.4166666666666667,11
285,-11.780104712041888,-60.0,1.0,188.42173129937063,,7,5,0.20454545454545456,16
286,-10.837696335078537,-60.0,1.0,238.12347490624617,,8,8,0.24444444444444444,36
287,-9.895287958115185,-60.0,1.0,245.16378937699628,,8,8,0.29213483146067415,36
288,-8.952879581151834,-60.0,1.0,263.9032435163198,,10,9,0.2740740740740741,43
289,-8.010471204188482,-60.0,1.0,,,0,9,0.3888888888888889,37
290,-7.0680628272251305,-60.0,1.0,308.3279098753597,,10,11,0.24411764705882352,54
291,-6.12565445026178,-60.0,1.0,288.72034682934805,,9,11,0.2549019607843137,49
292,-5.183246073298429,-60.0,1.0,300.5793937991323,,10,11,0.23391812865497075,49
293,-4.2408376963350785,-60.0,1.0,324.6099326108997,,10,7,0.2857142857142857,24
294,-3.298429319371728,-60.0,1.0,365.86779293009386,,10,11,0.22514619883040934,50
295,-2.356020942408377,-60.0,1.0,393.3853629266394,,11,15,0.22282608695652173,87
296,-1.4136125654450262,-60.0,1.0,256.2780568953003,,7,14,0.28362573099415206,73
297,-0.4712041884816754,-60.0,1.0,262.3180691927859,,13,9,0.24473684210526317,33
298,0.4712041884816754,-60.0,1.0,178.671440253757,,13,3,0.3241758241758242,4
299,1.4136125654450262,-60.0,1.0,108.44640048506304,,9,0,0.3888888888888889,0
300,2.356020942408377,-60.0,1.0,72.87608244859369,,12,0,0.4090909090909091,0
301,3.298429319371728,-60.0,1.0,14.072469528564882,,0,0,0.0,0
302,4.2408376963350785,-60.0,1.0,10.90056441830568,,0,0,0.0,0
303,5.183246073298429,-60.0,1.0,29.803554931821925,,0,0,0.0,0
304,-13.664921465968591,-58.75,1.0,0.0,,0,0,0.0,0
305,-12.72251308900524,-58.75,1.0,0.0,,0,3,0.5,6
306,-11.780104712041888,-58.75,1.0,152.70618103882788,,5,7,0.2159090909090909,23
307,-10.837696335078537,-58.75,1.0,145.72310703311524,,4,9,0.37037037037037035,44
308,-9.895287958115185,-58.75,1.0,259.9044217692265,,7,9,0.33707865168539325,46
309,-8.952879581151834,-58.75,1.0,303.1197485092295,,11,11,0.30213903743315507,59
310,-8.010471204188482,-58.75,1.0,337.6339204401698,,13,13,0.2454212454212454,72
311,-7.0680628272251305,-58.75,1.0,350.310972872583,,12,11,0.2357142857142857,51
312,-6.12565445026178,-58.75,1.0,348.0511673348615,,12,11,0.2357142857142857,55
313,-5.183246073298429,-58.75,1.0,330.88405742691475,,11,9,0.2549019607843137,36
314,-4.2408376963350785,-58.75,1.0,285.7600106371332,,9,8,0.2761904761904762,33
315,-3.298429319371728,-58.75,1.0,373.6818413855392,,9,16,0.2015810276679842,85
316,-2.356020942408377,-58.75,1.0,371.5549340710745,,9,17,0.21920289855072464,92
317,-1.4136125654450262,-58.75,1.0,380.36705264283506,,11,17,0.2076923076923077,78
318,-0.4712041884816754,-58.75,1.0,288.3335343723459,,10,13,0.23333333333333334,46
319,0.4712041884816754,-58.75,1.0,199.06417175299168,,10,4,0.3484848484848485,9
320,-13.664921465968591,-57.5,1.0,16.2666266499728,,0,2,0.5,3
321,-12.72251308900524,-57.5,1.0,139.05958449648372,,3,4,0.25,10
322,-11.780104712041888,-57.5,1.0,213.41267456182092,,8,4,0.14444444444444443,11
323,-10.837696335078537,-57.5,1.0,202.22710096159474,,7,7,0.26153846153846155,30
324,-9.895287958115185,-57.5,1.0,248.98917329579868,,8,12,0.2682119205298013,69
325,-8.952879581151834,-57.5,1.0,315.1847714508613,,11,13,0.2816593886462882,77
326,-8.010471204188482,-57.5,1.0,327.88697674375186,,11,13,0.2838427947598253,73
327,-7.0680628272251305,-57.5,1.0,321.8080953899011,,11,10,0.26900584795321636,45
328,-6.12565445026178,-57.5,1.0,297.9080759282931,,11,9,0.2679738562091503,39
329,-5.183246073298429,-57.5,1.0,296.11705200926787,,11,9,0.25163398692810457,35
330,-4.2408376963350785,-57.5,1.0,282.18523951941336,,10,10,0.24509803921568626,42
331,-3.298429319371728,-57.5,1.0,317.3639776132,,9,10,0.23161764705882354,37
332,-2.356020942408377,-57.5,1.0,207.75217639294695,,4,15,0.25735294117647056,63
333,-1.4136125654450262,-57.5,1.0,355.9616006545036,,11,16,0.205,56
334,-0.4712041884816754,-57.5,1.0,274.8255903906903,,12,12,0.23376623376623376,32
335,0.4712041884816754,-57.5,1.0,187.47929121916803,,11,6,0.32857142857142857,11
336,1.4136125654450262,-57.5,1.0,128.58689933712049,,8,2,0.42857142857142855,2
337,-13.664921465968591,-56.25,1.0,46.07097959812817,,0,3,0.16666666666666666,4
338,-12.72251308900524,-56.25,1.0,0.0,,0,3,0.3333333333333333,5
339,-11.780104712041888,-56.25,1.0,133.89328114888164,,2,6,0.26666666666666666,17
340,-10.837696335078537,-56.25,1.0,203.15959765748337,,5,10,0.24675324675324675,47
341,-9.895287958115185,-56.25,1.0,140.3149673516845,,3,12,0.37012987012987014,67
342,-8.952879581151834,-56.25,1.0,345.9939932930823,,11,13,0.27510917030567683,74
343,-8.010471204188482,-56.25,1.0,344.9805138369373,,10,12,0.2962962962962963,60
344,-7.0680628272251305,-56.25,1.0,322.8949236089092,,10,10,0.2777777777777778,45
345,-6.12565445026178,-56.25,1.0,247.30659567028587,,10,10,0.27450980392156865,44
346,-5.183246073298429,-56.25,1.0,271.67454269335667,,12,7,0.2647058823529412,23
347,-4.2408376963350785,-56.25,1.0,215.37685339181354,,8,9,0.26666666666666666,34
348,-3.298429319371728,-56.25,1.0,258.28867998013476,,11,9,0.21895424836601307,25
349,-2.356020942408377,-56.25,1.0,197.32512508386705,,6,10,0.29120879120879123,28
350,-1.4136125654450262,-56.25,1.0,212.40415644691876,,10,9,0.29411764705882354,22
351,-0.4712041884816754,-56.25,1.0,189.81120102491045,,12,8,0.28104575163398693,15
352,0.4712041884816754,-56.25,1.0,139.80346735227135,,12,4,0.3626373626373626,5
353,1.4136125654450262,-56.25,1.0,99.40154965200537,,10,1,0.38181818181818183,0
354,-14.607329842931941,-55.0,1.0,0.0,,0,1,0.0,1
355,-13.664921465968591,-55.0,1.0,0.0,,0,4,0.5,10
356,-12.72251308900524,-55.0,1.0,179.15958381211428,,5,5,0.21428571428571427,15
357,-11.780104712041888,-55.0,1.0,215.81735701581795,,6,6,0.18888888888888888,17
358,-10.837696335078537,-55.0,1.0,147.78938872519555,,2,9,0.3194444444444444,38
359,-9.895287958115185,-55.0,1.0,155.728304992602,,4,10,0.3484848484848485,48
360,-8.952879581151834,-55.0,1.0,314.859557545593,,9,11,0.3125,56
361,-8.010471204188482,-55.0,1.0,344.509323814251,,11,10,0.26900584795321636,41
362,-7.0680628272251305,-55.0,1.0,307.89992234068643,,10,9,0.28308823529411764,36
363,-6.12565445026178,-55.0,1.0,288.8888742288279,,11,8,0.27941176470588236,29
364,-5.183246073298429,-55.0,1.0,270.79749109114977,,11,7,0.26666666666666666,23
365,-4.2408376963350785,-55.0,1.0,229.59413876749366,,11,6,0.24761904761904763,18
366,-3.298429319371728,-55.0,1.0,179.07938800977055,,8,6,0.2803030303030303,15
367,-2.356020942408377,-55.0,1.0,112.83380815256558,,5,4,0.4027777777777778,3
368,-1.4136125654450262,-55.0,1.0,92.43856234921707,,6,4,0.43333333333333335,2
369,-0.4712041884816754,-55.0,1.0,135.52967952139855,,9,3,0.4111111111111111,3
370,0.4712041884816754,-55.0,1.0,111.09989503178629,,9,1,0.43333333333333335,0
371,1.4136125654450262,-55.0,1.0,92.7930808056249,,9,0,0.4583333333333333,0
372,2.356020942408377,-55.0,1.0,90.0922238505666,,4,0,0.5,0
373,-14.607329842931941,-53.75,1.0,0.0,,0,1,0.0,1
374,-13.664921465968591,-53.75,1.0,0.0,,0,4,0.5,10
375,-12.72251308900524,-53.75,1.0,204.184161950036,,7,5,0.2111111111111111,14
376,-11.780104712041888,-53.75,1.0,224.011595499757,,8,5,0.21818181818181817,14
377,-10.837696335078537,-53.75,1.0,277.3149500461013,,11,5,0.19230769230769232,15
378,-9.895287958115185,-53.75,1.0,274.3238746148903,,8,7,0.2564102564102564,26
379,-8.952879581151834,-53.75,1.0,307.626667842192,,12,9,0.22807017543859648,37
380,-8.010471204188482,-53.75,1.0,336.9955169161899,,11,7,0.2875,22
381,-7.0680628272251305,-53.75,1.0,342.7327571830693,,11,6,0.30952380952380953,19
382,-6.12565445026178,-53.75,1.0,320.3090074511273,,12,7,0.2536764705882353,24
383,-5.183246073298429,-53.75,1.0,237.38524138591362,,10,6,0.2857142857142857,19
384,-4.2408376963350785,-53.75,1.0,236.4193611615219,,13,5,0.23333333333333334,13
385,-3.298429319371728,-53.75,1.0,155.7136654036152,,7,4,0.3194444444444444,9
386,-2.356020942408377,-53.75,1.0,144.1537053978111,,11,3,0.29545454545454547,4
387,-1.4136125654450262,-53.75,1.0,101.98273955963421,,10,1,0.35454545454545455,0
388,-0.4712041884816754,-53.75,1.0,115.60394899168621,,10,1,0.36363636363636365,0
389,0.4712041884816754,-53.75,1.0,98.00847242218583,,8,0,0.44642857142857145,0
390,1.4136125654450262,-53.75,1.0,88.04005715401748,,7,0,0.47619047619047616,0
391,2.356020942408377,-53.75,1.0,88.53104641538455,,4,0,0.4166666666666667,0
392,-13.664921465968591,-52.5,1.0,0.0,,0,3,0.5,6
393,-12.72251308900524,-52.5,1.0,49.126796381013015,,0,4,0.5,10
394,-11.780104712041888,-52.5,1.0,163.66073926628187,,5,4,0.2857142857142857,10
395,-10.837696335078537,-52.5,1.0,114.26875536105469,,2,6,0.4,21
396,-9.895287958115185,-52.5,1.0,220.71562264833761,,7,5,0.25555555555555554,13
397,-8.952879581151834,-52.5,1.0,307.1440564335169,,10,7,0.23333333333333334,23
398,-8.010471204188482,-52.5,1.0,306.6951097440861,,10,5,0.28846153846153844,12
399,-7.0680628272251305,-52.5,1.0,326.63202699141135,,11,4,0.3076923076923077,8
400,-6.12565445026178,-52.5,1.0,248.97795657566226,,10,4,0.2727272727272727,10
401,-5.183246073298429,-52.5,1.0,248.27397471453844,,10,5,0.28205128205128205,13
402,-4.2408376963350785,-52.5,1.0,205.1137832196182,,9,4,0.2909090909090909,10
403,-3.298429319371728,-52.5,1.0,126.29090068096981,,4,3,0.35,6
404,-2.356020942408377,-52.5,1.0,130.92442593987658,,9,2,0.3472222222222222,3
405,-1.4136125654450262,-52.5,1.0,92.24977295523358,,8,0,0.39285714285714285,0
406,-0.4712041884816754,-52.5,1.0,111.41119665815388,,11,0,0.35454545454545455,0
407,0.4712041884816754,-52.5,1.0,103.73114321564897,,9,0,0.4027777777777778,0
408,-8.952879581151834,-51.25,1.0,213.96145514545327,,3,3,0.3333333333333333,6
409,-8.010471204188482,-51.25,1.0,210.5836585240149,,5,2,0.4,3
410,-7.0680628272251305,-51.25,1.0,257.160586335955,,9,1,0.3392857142857143,1
411,-5.183246073298429,-51.25,1.0,257.369888106873,,7,2,0.38095238095238093,3
412,-4.2408376963350785,-51.25,1.0,178.2901356249468,,7,3,0.2857142857142857,6
413,-3.298429319371728,-51.25,1.0,169.44352453227435,,8,3,0.2361111111111111,5
414,-2.356020942408377,-51.25,1.0,139.59134803391942,,9,1,0.2857142857142857,1
415,-3.298429319371728,-50.0,1.0,157.08155795097815,,4,1,0.5,1
0,-6.12565445026178,-78.75,1.14,0.0,,0,9,0.4583333333333333,42
1,-5.183246073298429,-78.75,1.14,37.30515363775307,,0,16,0.32083333333333336,93
2,-4.2408376963350785,-78.75,1.14,198.2197791437916,,6,17,0.2894736842105263,106
3,-3.298429319371728,-78.75,1.14,124.43141607199803,,2,13,0.40384615384615385,78
4,-2.356020942408377,-78.75,1.14,52.47427876631728,,1,14,0.3717948717948718,85
5,-1.4136125654450262,-78.75,1.14,5.713242158341444,,0,10,0.4222222222222222,48
6,-8.952879581151834,-77.5,1.14,4.886289456639577,,0,17,0.33455882352941174,108
7,-8.010471204188482,-77.5,1.14,96.82443148713769,,4,10,0.4090909090909091,44
8,-7.0680628272251305,-77.5,1.14,117.87622783898345,,6,9,0.4423076923076923,40
9,-6.12565445026178,-77.5,1.14,192.71011932379812,,9,15,0.2987012987012987,93
10,-5.183246073298429,-77.5,1.14,251.80628975641343,,10,11,0.32748538011695905,60
11,-4.2408376963350785,-77.5,1.14,286.2553880892937,,14,9,0.3125,44
12,-3.298429319371728,-77.5,1.14,279.7782094331803,,12,10,0.30952380952380953,50
13,-2.356020942408377,-77.5,1.14,219.0712208005711,,7,9,0.38461538461538464,44
14,-1.4136125654450262,-77.5,1.14,286.5542383518839,,9,10,0.35555555555555557,49
15,-0.4712041884816754,-77.5,1.14,264.2074191059627,,5,8,0.38181818181818183,33
16,0.4712041884816754,-77.5,1.14,208.02125531287854,,4,6,0.4107142857142857,19
17,-10.837696335078537,-76.25,1.14,0.0,,0,15,0.4,98
18,-9.895287958115185,-76.25,1.14,40.32418379122561,,1,20,0.32142857142857145,142
19,-8.952879581151834,-76.25,1.14,303.3734985407089,,5,23,0.2676923076923077,161
20,-8.010471204188482,-76.25,1.14,216.59372459196447,,7,16,0.3380952380952381,96
21,-7.0680628272251305,-76.25,1.14,257.9324677658906,,13,8,0.3508771929824561,35
22,-6.12565445026178,-76.25,1.14,268.63011711138824,,16,7,0.30952380952380953,30
23,-5.183246073298429,-76.25,1.14,294.11793905396735,,20,10,0.2779255319148936,47
24,-4.2408376963350785,-76.25,1.14,236.71634079299207,,16,12,0.2801857585139319,57
25,-3.298429319371728,-76.25,1.14,231.67351889664116,,15,9,0.2847826086956522,33
26,-2.356020942408377,-76.25,1.14,191.95959344681532,,12,9,0.30701754385964913,36
27,-1.4136125654450262,-76.25,1.14,210.73770843276148,,12,10,0.31746031746031744,46
28,-0.4712041884816754,-76.25,1.14,248.66424170794127,,11,8,0.3272058823529412,30
29,0.4712041884816754,-76.25,1.14,247.6732181694382,,8,5,0.38181818181818183,13
30,1.4136125654450262,-76.25,1.14,144.13244808511155,,4,3,0.3,5
31,-13.664921465968591,-75.0,1.14,0.0,,0,2,0.5,3
32,-12.72251308900524,-75.0,1.14,0.0,,0,12,0.3712121212121212,60
33,-11.780104712041888,-75.0,1.14,49.56191790538052,,1,13,0.3516483516483517,67
34,-10.837696335078537,-75.0,1.14,302.4190218934682,,4,20,0.2748917748917749,133
35,-9.895287958115185,-75.0,1.14,307.93928813437543,,9,13,0.3026315789473684,65
36,-8.952879581151834,-75.0,1.14,237.3562940941348,,13,9,0.2894736842105263,33
37,-8.010471204188482,-75.0,1.14,217.63765719039458,,16,6,0.26842105263157895,18
38,-7.0680628272251305,-75.0,1.14,218.0837662333727,,16,7,0.2642857142857143,28
39,-6.12565445026178,-75.0,1.14,256.10804198598987,,17,11,0.26851851851851855,55
40,-5.183246073298429,-75.0,1.14,281.23449393307465,,21,12,0.2472885032537961,64
41,-4.2408376963350785,-75.0,1.14,280.12812247403315,,16,11,0.2525083612040134,52
42,-3.298429319371728,-75.0,1.14,288.55474076231604,,16,8,0.24458874458874458,28
43,-2.356020942408377,-75.0,1.14,224.24882691495623,,12,7,0.2647058823529412,24
44,-1.4136125654450262,-75.0,1.14,220.04911180447212,,14,8,0.24210526315789474,30
45,-0.4712041884816754,-75.0,1.14,215.8785230269541,,14,7,0.2807017543859649,22
46,0.4712041884816754,-75.0,1.14,157.71917294498166,,12,4,0.3626373626373626,9
47,1.4136125654450262,-75.0,1.14,141.846662685768,,8,2,0.4107142857142857,3
48,2.356020942408377,-75.0,1.14,96.02110809890675,,2,1,0.0,1
49,-14.607329842931941,-73.75,1.14,12.803912083412273,,0,3,0.5,6
50,-13.664921465968591,-73.75,1.14,0.0,,0,5,0.5,15
51,-12.72251308900524,-73.75,1.14,77.56063408429439,,3,13,0.3076923076923077,70
52,-11.780104712041888,-73.75,1.14,154.4270239880004,,8,18,0.19927536231884058,105
53,-10.837696335078537,-73.75,1.14,222.11775577348737,,16,8,0.22727272727272727,35
54,-9.895287958115185,-73.75,1.14,220.98332600157948,,19,8,0.2651006711409396,37
55,-8.952879581151834,-73.75,1.14,207.3432093645085,,20,8,0.2639751552795031,36
56,-8.010471204188482,-73.75,1.14,222.4580698479545,,18,10,0.2236024844720497,47
57,-7.0680628272251305,-73.75,1.14,217.97671367406463,,9,9,0.2669491525423729,40
58,-6.12565445026178,-73.75,1.14,240.99423193151952,,7,8,0.34210526315789475,35
59,-5.183246073298429,-73.75,1.14,285.2870299543067,,10,10,0.2966666666666667,46
60,-4.2408376963350785,-73.75,1.14,256.0989678403372,,7,9,0.3111111111111111,33
61,-3.298429319371728,-73.75,1.14,250.98209003241973,,9,6,0.30128205128205127,17
62,-2.356020942408377,-73.75,1.14,241.25817967002746,,10,6,0.24175824175824176,17
63,-1.4136125654450262,-73.75,1.14,186.73326584559823,,5,7,0.26666666666666666,24
64,-0.4712041884816754,-73.75,1.14,178.98258630412175,,6,6,0.2777777777777778,17
65,0.4712041884816754,-73.75,1.14,169.52625164373595,,15,4,0.3014705882352941,8
66,1.4136125654450262,-73.75,1.14,165.94149563457734,,15,1,0.3626373626373626,1
67,-14.607329842931941,-72.5,1.14,0.0,,0,14,0.32967032967032966,74
68,-13.664921465968591,-72.5,1.14,0.0,,0,9,0.4027777777777778,38
69,-12.72251308900524,-72.5,1.14,21.775810338132178,,0,14,0.34065934065934067,76
70,-11.780104712041888,-72.5,1.14,247.8680828963552,,12,9,0.3128654970760234,42
71,-10.837696335078537,-72.5,1.14,233.05622213351697,,20,8,0.2996894409937888,40
72,-9.895287958115185,-72.5,1.14,198.1728157570147,,18,9,0.30574324324324326,43
73,-8.952879581151834,-72.5,1.14,191.71344654873198,,10,9,0.3143939393939394,38
74,-8.010471204188482,-72.5,1.14,183.23526742385891,,6,8,0.3125,29
75,-7.0680628272251305,-72.5,1.14,211.86827185110812,,5,8,0.3055555555555556,30
76,-6.12565445026178,-72.5,1.14,225.9437044926323,,6,8,0.2727272727272727,29
77,-5.183246073298429,-72.5,1.14,291.0419919262405,,10,8,0.22083333333333333,27
78,-4.2408376963350785,-72.5,1.14,264.0657723281462,,10,6,0.27472527472527475,17
79,-3.298429319371728,-72.5,1.14,238.24492360007062,,9,5,0.2803030303030303,13
80,-2.356020942408377,-72.5,1.14,238.5765460991333,,7,7,0.22727272727272727,24
81,-1.4136125654450262,-72.5,1.14,189.7825419192577,,7,8,0.21794871794871795,29
82,-0.4712041884816754,-72.5,1.14,179.82533455297934,,7,5,0.26666666666666666,13
83,0.4712041884816754,-72.5,1.14,162.13567983780393,,7,4,0.2638888888888889,8
84,1.4136125654450262,-72.5,1.14,144.1459401985396,,6,1,0.5,1
85,-14.607329842931941,-71.25,1.14,0.0,,0,21,0.2357142857142857,120
86,-13.664921465968591,-71.25,1.14,0.0,,0,15,0.36666666666666664,92
87,-12.72251308900524,-71.25,1.14,271.1684601620368,,7,17,0.3116883116883117,105
88,-11.780104712041888,-71.25,1.14,260.0620653425144,,16,5,0.31470588235294117,18
89,-10.837696335078537,-71.25,1.14,217.25478953696327,,19,7,0.31985294117647056,29
90,-9.895287958115185,-71.25,1.14,201.92550306519468,,13,5,0.2711864406779661,15
91,-8.952879581151834,-71.25,1.14,163.04062551934393,,6,6,0.23863636363636365,16
92,-8.010471204188482,-71.25,1.14,155.36858932799169,,5,6,0.2638888888888889,18
93,-7.0680628272251305,-71.25,1.14,210.6333328234056,,6,5,0.25,13
94,-6.12565445026178,-71.25,1.14,234.3399788360121,,6,8,0.23484848484848486,29
95,-5.183246073298429,-71.25,1.14,194.94973265991356,,5,6,0.3194444444444444,19
96,-4.2408376963350785,-71.25,1.14,252.86147737043134,,10,6,0.22527472527472528,17
97,-3.298429319371728,-71.25,1.14,225.73119469914474,,7,5,0.2777777777777778,14
98,-2.356020942408377,-71.25,1.14,226.009844816197,,6,9,0.19230769230769232,35
99,-1.4136125654450262,-71.25,1.14,197.69316655097592,,5,9,0.25,35
100,-0.4712041884816754,-71.25,1.14,221.3825763169906,,6,8,0.23484848484848486,28
101,0.4712041884816754,-71.25,1.14,199.03370328540856,,7,6,0.21818181818181817,18
102,1.4136125654450262,-71.25,1.14,132.65494444979146,,3,2,0.3333333333333333,3
103,-13.664921465968591,-70.0,1.14,77.19015430239797,,3,16,0.35294117647058826,99
104,-12.72251308900524,-70.0,1.14,271.35548855091406,,12,8,0.3202614379084967,33
105,-11.780104712041888,-70.0,1.14,208.50191772796416,,18,6,0.28820960698689957,19
106,-10.837696335078537,-70.0,1.14,194.84611943732318,,15,6,0.257396449704142,19
107,-9.895287958115185,-70.0,1.14,168.34778628180885,,5,3,0.3,6
108,-8.952879581151834,-70.0,1.14,175.84232763182158,,4,5,0.16666666666666666,12
109,-8.010471204188482,-70.0,1.14,151.6133646902974,,4,6,0.23214285714285715,18
110,-7.0680628272251305,-70.0,1.14,184.7388922969092,,5,5,0.21428571428571427,13
111,-6.12565445026178,-70.0,1.14,207.08371490467866,,6,5,0.25,13
112,-5.183246073298429,-70.0,1.14,219.88931305632875,,6,6,0.23333333333333334,18
113,-4.2408376963350785,-70.0,1.14,203.39074450127575,,7,5,0.2777777777777778,13
114,-3.298429319371728,-70.0,1.14,215.49934859924093,,6,6,0.2222222222222222,19
115,-2.356020942408377,-70.0,1.14,219.38227698987163,,5,11,0.25274725274725274,55
116,-1.4136125654450262,-70.0,1.14,224.55850659138252,,5,12,0.2857142857142857,63
117,-0.4712041884816754,-70.0,1.14,291.51786740722747,,7,10,0.2619047619047619,46
118,0.4712041884816754,-70.0,1.14,265.28339128906185,,7,11,0.24583333333333332,58
119,1.4136125654450262,-70.0,1.14,215.93994774320595,,5,6,0.2916666666666667,22
120,-15.549738219895294,-68.75,1.14,0.0,,0,16,0.23333333333333334,71
121,-14.607329842931941,-68.75,1.14,35.49719645699297,,0,14,0.24175824175824176,57
122,-13.664921465968591,-68.75,1.14,257.84776368942636,,10,8,0.3333333333333333,33
123,-12.72251308900524,-68.75,1.14,174.33678537161893,,14,4,0.2625,10
124,-11.780104712041888,-68.75,1.14,181.08971596414506,,14,4,0.20416666666666666,11
125,-10.837696335078537,-68.75,1.14,160.8265505567001,,4,5,0.15,11
126,-9.895287958115185,-68.75,1.14,136.43582625835322,,2,5,0.2,13
127,-8.952879581151834,-68.75,1.14,155.32234816776807,,3,6,0.2619047619047619,18
128,-8.010471204188482,-68.75,1.14,186.85055985092953,,5,6,0.20833333333333334,17
129,-7.0680628272251305,-68.75,1.14,195.34364066349406,,5,5,0.23214285714285715,13
130,-6.12565445026178,-68.75,1.14,222.2682278108356,,6,5,0.20833333333333334,13
131,-5.183246073298429,-68.75,1.14,232.83650497666443,,6,5,0.20833333333333334,13
132,-4.2408376963350785,-68.75,1.14,259.7600043883812,,8,6,0.21212121212121213,18
133,-3.298429319371728,-68.75,1.14,220.13634977571738,,6,8,0.23484848484848486,32
134,-2.356020942408377,-68.75,1.14,217.07822049556177,,6,9,0.2564102564102564,37
135,-1.4136125654450262,-68.75,1.14,247.11646458195958,,6,10,0.3241758241758242,51
136,-0.4712041884816754,-68.75,1.14,305.64415512468025,,9,14,0.24523809523809523,86
137,0.4712041884816754,-68.75,1.14,323.6449732452268,,9,12,0.25,64
138,1.4136125654450262,-68.75,1.14,281.9840909896153,,6,10,0.3111111111111111,49
139,2.356020942408377,-68.75,1.14,256.57073894835247,,4,4,0.4666666666666667,11
140,-16.492146596858646,-67.5,1.14,0.0,,0,9,0.2638888888888889,27
141,-15.549738219895294,-67.5,1.14,146.46887208736976,,3,13,0.24725274725274726,50
142,-14.607329842931941,-67.5,1.14,120.1490816632881,,6,4,0.32142857142857145,8
143,-13.664921465968591,-67.5,1.14,90.07290487593002,,6,1,0.2857142857142857,1
144,-12.72251308900524,-67.5,1.14,47.82811359798585,,0,2,0.0,2
145,-11.780104712041888,-67.5,1.14,143.75843234601697,,2,3,0.16666666666666666,6
146,-10.837696335078537,-67.5,1.14,177.5876908236576,,5,3,0.1,6
147,-9.895287958115185,-67.5,1.14,104.95474954408138,,2,5,0.3,14
148,-8.952879581151834,-67.5,1.14,175.94082069726542,,5,6,0.19444444444444445,18
149,-8.010471204188482,-67.5,1.14,174.40685582468242,,5,5,0.23214285714285715,13
150,-7.0680628272251305,-67.5,1.14,189.18519157877265,,6,4,0.26785714285714285,9
151,-6.12565445026178,-67.5,1.14,190.74791939179144,,5,5,0.23214285714285715,13
152,-5.183246073298429,-67.5,1.14,192.52726883785377,,4,5,0.2619047619047619,14
153,-4.2408376963350785,-67.5,1.14,205.95518302356916,,5,8,0.22727272727272727,30
154,-3.298429319371728,-67.5,1.14,206.66827900413767,,6,9,0.23717948717948717,37
155,-2.356020942408377,-67.5,1.14,220.27889554828502,,6,10,0.27472527472527475,46
156,-1.4136125654450262,-67.5,1.14,235.44808689823924,,7,13,0.2581699346405229,67
157,-0.4712041884816754,-67.5,1.14,283.05010631319783,,9,14,0.2751196172248804,79
158,0.4712041884816754,-67.5,1.14,327.39290100336103,,9,12,0.28106508875739644,63
159,1.4136125654450262,-67.5,1.14,319.16274099946014,,8,10,0.32905982905982906,45
160,2.356020942408377,-67.5,1.14,343.37430822839366,,8,5,0.4056603773584906,16
161,-18.376963350785346,-66.25,1.14,0.0,,0,0,0.0,0
162,-17.434554973821996,-66.25,1.14,0.0,,0,2,0.0,2
163,-16.492146596858646,-66.25,1.14,42.62727263398802,,1,7,0.13333333333333333,16
164,-15.549738219895294,-66.25,1.14,155.48733341152152,,8,2,0.14285714285714285,3
165,-14.607329842931941,-66.25,1.14,138.90480806475222,,10,1,0.1527777777777778,1
166,-13.664921465968591,-66.25,1.14,11.611613585218809,,0,0,0.0,0
167,-12.72251308900524,-66.25,1.14,0.0,,0,2,0.5,3
168,-11.780104712041888,-66.25,1.14,94.8120517375316,,2,3,0.16666666666666666,5
169,-10.837696335078537,-66.25,1.14,124.18384850601595,,2,3,0.16666666666666666,6
170,-9.895287958115185,-66.25,1.14,136.69323793771784,,2,4,0.25,9
171,-8.952879581151834,-66.25,1.14,144.39496037895765,,5,5,0.17857142857142858,12
172,-8.010471204188482,-66.25,1.14,169.97642124248736,,6,4,0.21428571428571427,9
173,-7.0680628272251305,-66.25,1.14,183.69842183195598,,6,5,0.19444444444444445,13
174,-6.12565445026178,-66.25,1.14,186.7286723659358,,6,5,0.19444444444444445,13
175,-5.183246073298429,-66.25,1.14,187.3503166364277,,5,5,0.23214285714285715,14
176,-4.2408376963350785,-66.25,1.14,194.04330885373597,,5,9,0.23484848484848486,37
177,-3.298429319371728,-66.25,1.14,210.82141786484303,,5,10,0.26282051282051283,43
178,-2.356020942408377,-66.25,1.14,221.37641451212082,,8,11,0.23897058823529413,54
179,-1.4136125654450262,-66.25,1.14,240.44936652154604,,9,13,0.2394736842105263,64
180,-0.4712041884816754,-66.25,1.14,254.4091110404449,,10,13,0.2607655502392344,62
181,0.4712041884816754,-66.25,1.14,255.32452951226682,,9,11,0.3157894736842105,50
182,1.4136125654450262,-66.25,1.14,200.33656508497393,,7,11,0.3135593220338983,46
183,2.356020942408377,-66.25,1.14,302.8639986296844,,9,6,0.3815789473684211,19
184,-18.376963350785346,-65.0,1.14,0.0,,0,2,0.0,2
185,-17.434554973821996,-65.0,1.14,28.31797010497902,,0,4,0.25,7
186,-16.492146596858646,-65.0,1.14,116.50379596460235,,6,3,0.09523809523809523,5
187,-15.549738219895294,-65.0,1.14,150.81030379153853,,3,1,0.5,1
188,-14.607329842931941,-65.0,1.14,73.95207145295672,,0,1,0.0,1
189,-13.664921465968591,-65.0,1.14,16.604128683535855,,0,0,0.0,0
190,-12.72251308900524,-65.0,1.14,0.0,,0,2,0.5,3
191,-11.780104712041888,-65.0,1.14,97.09082434646048,,2,2,0.5,3
192,-10.837696335078537,-65.0,1.14,154.77018995241616,,3,3,0.16666666666666666,6
193,-9.895287958115185,-65.0,1.14,142.47210364216926,,2,3,0.3333333333333333,6
194,-8.952879581151834,-65.0,1.14,175.1204312728052,,5,3,0.16666666666666666,6
195,-8.010471204188482,-65.0,1.14,178.4094472256963,,5,6,0.1527777777777778,17
196,-7.0680628272251305,-65.0,1.14,192.2613818958465,,4,7,0.2222222222222222,24
197,-6.12565445026178,-65.0,1.14,187.913583050377,,4,5,0.30952380952380953,14
198,-5.183246073298429,-65.0,1.14,208.09098483613596,,6,7,0.19090909090909092,23
199,-4.2408376963350785,-65.0,1.14,222.23722816527084,,6,8,0.22727272727272727,29
200,-3.298429319371728,-65.0,1.14,213.6417532169371,,6,9,0.27564102564102566,37
201,-2.356020942408377,-65.0,1.14,236.09805049257773,,8,9,0.26666666666666666,37
202,-1.4136125654450262,-65.0,1.14,233.18727478593118,,9,11,0.24509803921568626,47
203,-0.4712041884816754,-65.0,1.14,231.23428669991054,,13,10,0.24285714285714285,34
204,0.4712041884816754,-65.0,1.14,234.49243321532597,,12,8,0.28104575163398693,23
205,1.4136125654450262,-65.0,1.14,217.38111767092477,,12,6,0.30416666666666664,14
206,-20.261780104712045,-63.75,1.14,137.27722870677542,,0,1,0.0,1
207,-19.319371727748695,-63.75,1.14,41.34633037843102,,1,2,0.0,3
208,-18.376963350785346,-63.75,1.14,81.43753986551765,,4,1,0.0,1
209,-17.434554973821996,-63.75,1.14,42.62633578228577,,0,1,0.0,1
210,-16.492146596858646,-63.75,1.14,107.31080878876715,,2,1,0.0,1
211,-15.549738219895294,-63.75,1.14,88.61771972967209,,1,2,0.0,3
212,-14.607329842931941,-63.75,1.14,148.64853803801847,,3,1,0.0,1
213,-13.664921465968591,-63.75,1.14,79.17057653837257,,0,0,0.0,0
214,-12.72251308900524,-63.75,1.14,65.34804694153908,,0,2,0.5,3
215,-11.780104712041888,-63.75,1.14,127.62703813355314,,2,2,0.5,3
216,-10.837696335078537,-63.75,1.14,162.30477365469628,,3,2,0.16666666666666666,3
217,-9.895287958115185,-63.75,1.14,125.85630864452244,,2,4,0.16666666666666666,9
218,-8.952879581151834,-63.75,1.14,133.37519177683166,,2,5,0.35,14
219,-8.010471204188482,-63.75,1.14,170.9450330767796,,5,7,0.18888888888888888,24
220,-7.0680628272251305,-63.75,1.14,184.25673917340637,,4,7,0.2916666666666667,24
221,-6.12565445026178,-63.75,1.14,196.3278010640717,,5,7,0.26666666666666666,24
222,-5.183246073298429,-63.75,1.14,212.4477334524892,,6,9,0.21153846153846154,37
223,-4.2408376963350785,-63.75,1.14,222.26384928623818,,6,8,0.25757575757575757,31
224,-3.298429319371728,-63.75,1.14,240.16957165364798,,6,8,0.2803030303030303,29
225,-2.356020942408377,-63.75,1.14,271.4596724226338,,9,8,0.2619047619047619,31
226,-1.4136125654450262,-63.75,1.14,249.81110161889828,,9,8,0.28095238095238095,31
227,-0.4712041884816754,-63.75,1.14,189.1811467014542,,8,8,0.2857142857142857,23
228,0.4712041884816754,-63.75,1.14,157.7404667229752,,10,6,0.3516483516483517,13
229,1.4136125654450262,-63.75,1.14,149.20233246561352,,11,4,0.3974358974358974,8
230,3.298429319371728,-63.75,1.14,112.19434997182354,,7,2,0.5,2
231,-19.319371727748695,-62.5,1.14,0.0,,0,0,0.0,0
232,-18.376963350785346,-62.5,1.14,0.0,,0,0,0.0,0
233,-17.434554973821996,-62.5,1.14,0.0,,0,0,0.0,0
234,-16.492146596858646,-62.5,1.14,81.03150648954427,,0,0,0.0,0
235,-15.549738219895294,-62.5,1.14,118.27945764489388,,1,2,0.0,3
236,-14.607329842931941,-62.5,1.14,145.77895987000343,,2,2,0.0,3
237,-13.664921465968591,-62.5,1.14,118.49707299462601,,2,2,0.0,3
238,-12.72251308900524,-62.5,1.14,76.59318787826311,,2,1,0.0,1
239,-11.780104712041888,-62.5,1.14,49.97326616920253,,0,0,0.0,0
240,-10.837696335078537,-62.5,1.14,39.69435818050962,,0,3,0.5,6
241,-9.895287958115185,-62.5,1.14,123.01321208385845,,2,6,0.3333333333333333,19
242,-8.952879581151834,-62.5,1.14,182.82736090305303,,6,6,0.2,18
243,-8.010471204188482,-62.5,1.14,168.4977794160801,,5,6,0.25,18
244,-7.0680628272251305,-62.5,1.14,230.05771191319408,,7,8,0.20512820512820512,30
245,-6.12565445026178,-62.5,1.14,239.79328709119324,,6,8,0.25,30
246,-5.183246073298429,-62.5,1.14,264.79611894607183,,8,9,0.21428571428571427,37
247,-4.2408376963350785,-62.5,1.14,249.80726492916116,,6,9,0.27564102564102566,37
248,-3.298429319371728,-62.5,1.14,300.6181874592041,,8,8,0.25274725274725274,31
249,-2.356020942408377,-62.5,1.14,313.3324754525736,,9,10,0.22426470588235295,44
250,-1.4136125654450262,-62.5,1.14,248.80120845242624,,9,7,0.29120879120879123,25
251,-0.4712041884816754,-62.5,1.14,211.3550372783418,,12,5,0.2714285714285714,13
252,0.4712041884816754,-62.5,1.14,122.30146321949957,,7,4,0.4027777777777778,7
253,1.4136125654450262,-62.5,1.14,121.21609291486888,,14,3,0.3523809523809524,3
254,2.356020942408377,-62.5,1.14,103.59429091629472,,11,2,0.43636363636363634,2
255,3.298429319371728,-62.5,1.14,68.29401603962592,,8,0,0.4642857142857143,0
256,-18.376963350785346,-61.25,1.14,0.0,,0,0,0.0,0
257,-17.434554973821996,-61.25,1.14,0.0,,0,0,0.0,0
258,-16.492146596858646,-61.25,1.14,38.84954214649071,,0,0,0.0,0
259,-15.549738219895294,-61.25,1.14,25.76276621095053,,0,0,0.0,0
260,-14.607329842931941,-61.25,1.14,48.79337110185791,,0,1,0.0,1
261,-13.664921465968591,-61.25,1.14,104.4163087455464,,2,1,0.0,1
262,-12.72251308900524,-61.25,1.14,32.69866166909058,,0,1,0.0,1
263,-11.780104712041888,-61.25,1.14,85.73241562790726,,1,5,0.3333333333333333,13
264,-10.837696335078537,-61.25,1.14,111.98905058507897,,2,6,0.36666666666666664,20
265,-9.895287958115185,-61.25,1.14,206.66948609842908,,6,7,0.20909090909090908,22
266,-8.952879581151834,-61.25,1.14,203.2755128918479,,6,7,0.22727272727272727,24
267,-8.010471204188482,-61.25,1.14,219.25392498092486,,6,7,0.23636363636363636,24
268,-7.0680628272251305,-61.25,1.14,257.99565842242856,,7,9,0.22527472527472528,35
269,-6.12565445026178,-61.25,1.14,293.8178152509399,,8,9,0.21904761904761905,35
270,-5.183246073298429,-61.25,1.14,266.3940294313841,,7,9,0.25274725274725274,37
271,-4.2408376963350785,-61.25,1.14,263.65705530804337,,6,8,0.29545454545454547,29
272,-3.298429319371728,-61.25,1.14,300.5107688323492,,8,8,0.25274725274725274,30
273,-2.356020942408377,-61.25,1.14,282.58989894808354,,7,12,0.24632352941176472,61
274,-1.4136125654450262,-61.25,1.14,269.4248699401352,,9,11,0.2222222222222222,47
275,-0.4712041884816754,-61.25,1.14,238.0987604211778,,11,6,0.2619047619047619,15
276,0.4712041884816754,-61.25,1.14,171.8137542351096,,11,4,0.28846153846153844,5
277,1.4136125654450262,-61.25,1.14,106.10715191576499,,13,1,0.3241758241758242,0
278,2.356020942408377,-61.25,1.14,73.4371502130829,,14,0,0.3626373626373626,0
279,3.298429319371728,-61.25,1.14,4.346685890538384,,0,0,0.0,0
280,4.2408376963350785,-61.25,1.14,0.7296053702534852,,0,0,0.0,0
281,-15.549738219895294,-60.0,1.14,0.0,,0,0,0.0,0
282,-14.607329842931941,-60.0,1.14,5.099623638861367,,0,0,0.0,0
283,-13.664921465968591,-60.0,1.14,49.116064802857245,,0,2,0.5,3
284,-12.72251308900524,-60.0,1.14,119.98495549449396,,2,3,0.3333333333333333,6
285,-11.780104712041888,-60.0,1.14,188.42173129937063,,7,4,0.11428571428571428,10
286,-10.837696335078537,-60.0,1.14,238.12347490624617,,7,7,0.23076923076923078,28
287,-9.895287958115185,-60.0,1.14,245.16378937699628,,7,7,0.2692307692307692,27
288,-8.952879581151834,-60.0,1.14,263.9032435163198,,8,6,0.26153846153846155,18
289,-8.010471204188482,-60.0,1.14,,,0,8,0.3392857142857143,27
290,-7.0680628272251305,-60.0,1.14,308.3279098753597,,8,8,0.2087912087912088,29
291,-6.12565445026178,-60.0,1.14,288.72034682934805,,7,9,0.24175824175824176,34
292,-5.183246073298429,-60.0,1.14,300.5793937991323,,9,9,0.22916666666666666,37
293,-4.2408376963350785,-60.0,1.14,324.6099326108997,,9,7,0.25824175824175827,24
294,-3.298429319371728,-60.0,1.14,365.86779293009386,,9,9,0.225,35
295,-2.356020942408377,-60.0,1.14,393.3853629266394,,9,12,0.22514619883040934,60
296,-1.4136125654450262,-60.0,1.14,256.2780568953003,,5,13,0.2833333333333333,60
297,-0.4712041884816754,-60.0,1.14,262.3180691927859,,9,7,0.26373626373626374,21
298,0.4712041884816754,-60.0,1.14,178.671440253757,,9,2,0.3472222222222222,3
299,1.4136125654450262,-60.0,1.14,108.44640048506304,,4,0,0.5,0
300,2.356020942408377,-60.0,1.14,72.87608244859369,,7,0,0.40476190476190477,0
301,3.298429319371728,-60.0,1.14,14.072469528564882,,0,0,0.0,0
302,4.2408376963350785,-60.0,1.14,10.90056441830568,,0,0,0.0,0
303,5.183246073298429,-60.0,1.14,29.803554931821925,,0,0,0.0,0
304,-13.664921465968591,-58.75,1.14,0.0,,0,0,0.0,0
305,-12.72251308900524,-58.75,1.14,0.0,,0,3,0.5,6
306,-11.780104712041888,-58.75,1.14,152.70618103882788,,3,7,0.2222222222222222,22
307,-10.837696335078537,-58.75,1.14,145.72310703311524,,3,7,0.37037037037037035,27
308,-9.895287958115185,-58.75,1.14,259.9044217692265,,7,8,0.2894736842105263,34
309,-8.952879581151834,-58.75,1.14,303.1197485092295,,10,9,0.2462686567164179,37
310,-8.010471204188482,-58.75,1.14,337.6339204401698,,9,10,0.20588235294117646,40
311,-7.0680628272251305,-58.75,1.14,350.310972872583,,9,10,0.21691176470588236,45
312,-6.12565445026178,-58.75,1.14,348.0511673348615,,10,7,0.23809523809523808,24
313,-5.183246073298429,-58.75,1.14,330.88405742691475,,9,8,0.22857142857142856,29
314,-4.2408376963350785,-58.75,1.14,285.7600106371332,,9,8,0.2523809523809524,32
315,-3.298429319371728,-58.75,1.14,373.6818413855392,,9,12,0.21052631578947367,56
316,-2.356020942408377,-58.75,1.14,371.5549340710745,,9,17,0.18840579710144928,86
317,-1.4136125654450262,-58.75,1.14,380.36705264283506,,9,16,0.18972332015810275,64
318,-0.4712041884816754,-58.75,1.14,288.3335343723459,,8,8,0.3076923076923077,24
319,0.4712041884816754,-58.75,1.14,199.06417175299168,,9,4,0.3,7
320,-13.664921465968591,-57.5,1.14,16.2666266499728,,0,1,0.0,1
321,-12.72251308900524,-57.5,1.14,139.05958449648372,,3,2,0.16666666666666666,3
322,-11.780104712041888,-57.5,1.14,213.41267456182092,,7,2,0.11904761904761904,3
323,-10.837696335078537,-57.5,1.14,202.22710096159474,,6,7,0.25925925925925924,30
324,-9.895287958115185,-57.5,1.14,248.98917329579868,,6,9,0.3026315789473684,42
325,-8.952879581151834,-57.5,1.14,315.1847714508613,,9,12,0.2692307692307692,61
326,-8.010471204188482,-57.5,1.14,327.88697674375186,,8,10,0.25416666666666665,46
327,-7.0680628272251305,-57.5,1.14,321.8080953899011,,8,9,0.24761904761904763,35
328,-6.12565445026178,-57.5,1.14,297.9080759282931,,9,9,0.2375,38
329,-5.183246073298429,-57.5,1.14,296.11705200926787,,9,7,0.24725274725274726,24
330,-4.2408376963350785,-57.5,1.14,282.18523951941336,,8,9,0.24761904761904763,37
331,-3.298429319371728,-57.5,1.14,317.3639776132,,9,10,0.21323529411764705,35
332,-2.356020942408377,-57.5,1.14,207.75217639294695,,4,15,0.22794117647058823,58
333,-1.4136125654450262,-57.5,1.14,355.9616006545036,,9,14,0.2,42
334,-0.4712041884816754,-57.5,1.14,274.8255903906903,,9,11,0.21568627450980393,25
335,0.4712041884816754,-57.5,1.14,187.47929121916803,,10,6,0.2802197802197802,9
336,1.4136125654450262,-57.5,1.14,128.58689933712049,,6,0,0.5,0
337,-13.664921465968591,-56.25,1.14,46.07097959812817,,0,2,0.5,3
338,-12.72251308900524,-56.25,1.14,0.0,,0,3,0.3333333333333333,5
339,-11.780104712041888,-56.25,1.14,133.89328114888164,,2,5,0.3,13
340,-10.837696335078537,-56.25,1.14,203.15959765748337,,4,8,0.2727272727272727,33
341,-9.895287958115185,-56.25,1.14,140.3149673516845,,3,10,0.35185185185185186,49
342,-8.952879581151834,-56.25,1.14,345.9939932930823,,11,11,0.26063829787234044,55
343,-8.010471204188482,-56.25,1.14,344.9805138369373,,9,9,0.2833333333333333,37
344,-7.0680628272251305,-56.25,1.14,322.8949236089092,,9,9,0.25416666666666665,37
345,-6.12565445026178,-56.25,1.14,247.30659567028587,,8,8,0.27472527472527475,29
346,-5.183246073298429,-56.25,1.14,271.67454269335667,,9,7,0.24175824175824176,23
347,-4.2408376963350785,-56.25,1.14,215.37685339181354,,7,8,0.25,26
348,-3.298429319371728,-56.25,1.14,258.28867998013476,,9,8,0.23809523809523808,21
349,-2.356020942408377,-56.25,1.14,197.32512508386705,,6,10,0.27472527472527475,27
350,-1.4136125654450262,-56.25,1.14,212.40415644691876,,9,9,0.26666666666666666,18
351,-0.4712041884816754,-56.25,1.14,189.81120102491045,,10,6,0.2967032967032967,9
352,0.4712041884816754,-56.25,1.14,139.80346735227135,,10,3,0.36363636363636365,3
353,1.4136125654450262,-56.25,1.14,99.40154965200537,,7,1,0.3392857142857143,0
354,-14.607329842931941,-55.0,1.14,0.0,,0,0,0.0,0
355,-13.664921465968591,-55.0,1.14,0.0,,0,4,0.5,10
356,-12.72251308900524,-55.0,1.14,179.15958381211428,,3,5,0.36666666666666664,15
357,-11.780104712041888,-55.0,1.14,215.81735701581795,,6,6,0.17777777777777778,17
358,-10.837696335078537,-55.0,1.14,147.78938872519555,,2,7,0.3333333333333333,25
359,-9.895287958115185,-55.0,1.14,155.728304992602,,3,9,0.34444444444444444,39
360,-8.952879581151834,-55.0,1.14,314.859557545593,,9,11,0.26644736842105265,52
361,-8.010471204188482,-55.0,1.14,344.509323814251,,8,9,0.28095238095238095,35
362,-7.0680628272251305,-55.0,1.14,307.89992234068643,,10,8,0.2625,28
363,-6.12565445026178,-55.0,1.14,288.8888742288279,,10,7,0.2523809523809524,24
364,-5.183246073298429,-55.0,1.14,270.79749109114977,,10,5,0.28846153846153844,13
365,-4.2408376963350785,-55.0,1.14,229.59413876749366,,8,6,0.22727272727272727,16
366,-3.298429319371728,-55.0,1.14,179.07938800977055,,6,5,0.3611111111111111,10
367,-2.356020942408377,-55.0,1.14,112.83380815256558,,5,4,0.3888888888888889,3
368,-1.4136125654450262,-55.0,1.14,92.43856234921707,,5,3,0.42857142857142855,1
369,-0.4712041884816754,-55.0,1.14,135.52967952139855,,7,1,0.44642857142857145,0
370,0.4712041884816754,-55.0,1.14,111.09989503178629,,6,0,0.5,0
371,1.4136125654450262,-55.0,1.14,92.7930808056249,,7,0,0.4523809523809524,0
372,2.356020942408377,-55.0,1.14,90.0922238505666,,3,0,0.5,0
373,-14.607329842931941,-53.75,1.14,0.0,,0,1,0.0,1
374,-13.664921465968591,-53.75,1.14,0.0,,0,3,0.5,6
375,-12.72251308900524,-53.75,1.14,204.184161950036,,6,4,0.19642857142857142,10
376,-11.780104712041888,-53.75,1.14,224.011595499757,,7,3,0.23214285714285715,6
377,-10.837696335078537,-53.75,1.14,277.3149500461013,,7,5,0.18888888888888888,15
378,-9.895287958115185,-53.75,1.14,274.3238746148903,,8,7,0.20512820512820512,25
379,-8.952879581151834,-53.75,1.14,307.626667842192,,9,7,0.24725274725274726,24
380,-8.010471204188482,-53.75,1.14,336.9955169161899,,10,7,0.2619047619047619,22
381,-7.0680628272251305,-53.75,1.14,342.7327571830693,,10,6,0.2802197802197802,19
382,-6.12565445026178,-53.75,1.14,320.3090074511273,,11,6,0.24285714285714285,17
383,-5.183246073298429,-53.75,1.14,237.38524138591362,,9,6,0.25,18
384,-4.2408376963350785,-53.75,1.14,236.4193611615219,,10,5,0.22435897435897437,12
385,-3.298429319371728,-53.75,1.14,155.7136654036152,,6,4,0.30357142857142855,7
386,-2.356020942408377,-53.75,1.14,144.1537053978111,,11,3,0.2878787878787879,3
387,-1.4136125654450262,-53.75,1.14,101.98273955963421,,9,1,0.34444444444444444,0
388,-0.4712041884816754,-53.75,1.14,115.60394899168621,,7,1,0.4107142857142857,0
389,0.4712041884816754,-53.75,1.14,98.00847242218583,,8,0,0.42857142857142855,0
390,1.4136125654450262,-53.75,1.14,88.04005715401748,,4,0,0.5,0
391,2.356020942408377,-53.75,1.14,88.53104641538455,,1,0,0.0,0
392,-13.664921465968591,-52.5,1.14,0.0,,0,1,0.0,1
393,-12.72251308900524,-52.5,1.14,49.126796381013015,,0,2,0.0,2
394,-11.780104712041888,-52.5,1.14,163.66073926628187,,2,3,0.0,5
395,-10.837696335078537,-52.5,1.14,114.26875536105469,,2,4,0.25,10
396,-9.895287958115185,-52.5,1.14,220.71562264833761,,4,5,0.2857142857142857,13
397,-8.952879581151834,-52.5,1.14,307.1440564335169,,8,6,0.2196969696969697,18
398,-8.010471204188482,-52.5,1.14,306.6951097440861,,9,5,0.25757575757575757,12
399,-7.0680628272251305,-52.5,1.14,326.63202699141135,,10,4,0.26515151515151514,8
400,-6.12565445026178,-52.5,1.14,248.97795657566226,,8,3,0.3194444444444444,6
401,-5.183246073298429,-52.5,1.14,248.27397471453844,,9,4,0.2636363636363636,9
402,-4.2408376963350785,-52.5,1.14,205.1137832196182,,8,3,0.2638888888888889,6
403,-3.298429319371728,-52.5,1.14,126.29090068096981,,3,2,0.35,3
404,-2.356020942408377,-52.5,1.14,130.92442593987658,,8,1,0.3194444444444444,1
405,-1.4136125654450262,-52.5,1.14,92.24977295523358,,8,0,0.375,0
406,-0.4712041884816754,-52.5,1.14,111.41119665815388,,10,0,0.35555555555555557,0
407,0.4712041884816754,-52.5,1.14,103.73114321564897,,7,0,0.42857142857142855,0
408,-8.952879581151834,-51.25,1.14,213.96145514545327,,3,3,0.3333333333333333,6
409,-8.010471204188482,-51.25,1.14,210.5836585240149,,4,2,0.4166666666666667,3
410,-7.0680628272251305,-51.25,1.14,257.160586335955,,8,1,0.30952380952380953,1
411,-5.183246073298429,-51.25,1.14,257.369888106873,,6,2,0.3,3
412,-4.2408376963350785,-51.25,1.14,178.2901356249468,,5,3,0.23333333333333334,6
413,-3.298429319371728,-51.25,1.14,169.44352453227435,,6,3,0.21428571428571427,5
414,-2.356020942408377,-51.25,1.14,139.59134803391942,,7,1,0.3,1
415,-3.298429319371728,-50.0,1.14,157.08155795097815,,3,1,0.5,1
0,-6.12565445026178,-78.75,1.5,0.0,,0,5,0.55,16
1,-5.183246073298429,-78.75,1.5,37.30515363775307,,0,8,0.4642857142857143,34
2,-4.2408376963350785,-78.75,1.5,198.2197791437916,,4,11,0.2922077922077922,50
3,-3.298429319371728,-78.75,1.5,124.43141607199803,,2,9,0.3194444444444444,34
4,-2.356020942408377,-78.75,1.5,52.47427876631728,,1,8,0.40476190476190477,32
5,-1.4136125654450262,-78.75,1.5,5.713242158341444,,0,6,0.43333333333333335,19
6,-8.952879581151834,-77.5,1.5,4.886289456639577,,0,12,0.30303030303030304,52
7,-8.010471204188482,-77.5,1.5,96.82443148713769,,3,8,0.4305555555555556,31
8,-7.0680628272251305,-77.5,1.5,117.87622783898345,,5,7,0.37777777777777777,23
9,-6.12565445026178,-77.5,1.5,192.71011932379812,,8,8,0.29120879120879123,32
10,-5.183246073298429,-77.5,1.5,251.80628975641343,,8,7,0.3076923076923077,28
11,-4.2408376963350785,-77.5,1.5,286.2553880892937,,10,6,0.33146067415730335,23
12,-3.298429319371728,-77.5,1.5,279.7782094331803,,8,5,0.3181818181818182,12
13,-2.356020942408377,-77.5,1.5,219.0712208005711,,5,5,0.35714285714285715,15
14,-1.4136125654450262,-77.5,1.5,286.5542383518839,,5,8,0.3090909090909091,31
15,-0.4712041884816754,-77.5,1.5,264.2074191059627,,4,7,0.2916666666666667,23
16,0.4712041884816754,-77.5,1.5,208.02125531287854,,2,4,0.4166666666666667,10
17,-10.837696335078537,-76.25,1.5,0.0,,0,11,0.35454545454545455,50
18,-9.895287958115185,-76.25,1.5,40.32418379122561,,0,13,0.3141025641025641,62
19,-8.952879581151834,-76.25,1.5,303.3734985407089,,4,19,0.23333333333333334,105
20,-8.010471204188482,-76.25,1.5,216.59372459196447,,6,9,0.34615384615384615,34
21,-7.0680628272251305,-76.25,1.5,257.9324677658906,,10,6,0.3131868131868132,18
22,-6.12565445026178,-76.25,1.5,268.63011711138824,,13,6,0.25735294117647056,19
23,-5.183246073298429,-76.25,1.5,294.11793905396735,,15,7,0.21842105263157896,24
24,-4.2408376963350785,-76.25,1.5,236.71634079299207,,10,8,0.2605042016806723,26
25,-3.298429319371728,-76.25,1.5,231.67351889664116,,11,5,0.25824175824175827,12
26,-2.356020942408377,-76.25,1.5,191.95959344681532,,8,4,0.3333333333333333,10
27,-1.4136125654450262,-76.25,1.5,210.73770843276148,,9,6,0.23717948717948717,18
28,-0.4712041884816754,-76.25,1.5,248.66424170794127,,8,5,0.3090909090909091,14
29,0.4712041884816754,-76.25,1.5,247.6732181694382,,6,5,0.2777777777777778,12
30,1.4136125654450262,-76.25,1.5,144.13244808511155,,3,3,0.25,5
31,-13.664921465968591,-75.0,1.5,0.0,,0,0,0.0,0
32,-12.72251308900524,-75.0,1.5,0.0,,0,8,0.39285714285714285,29
33,-11.780104712041888,-75.0,1.5,49.56191790538052,,1,10,0.2909090909090909,36
34,-10.837696335078537,-75.0,1.5,302.4190218934682,,4,15,0.22794117647058823,68
35,-9.895287958115185,-75.0,1.5,307.93928813437543,,8,9,0.2714285714285714,31
36,-8.952879581151834,-75.0,1.5,237.3562940941348,,11,6,0.2523809523809524,17
37,-8.010471204188482,-75.0,1.5,217.63765719039458,,13,5,0.25,12
38,-7.0680628272251305,-75.0,1.5,218.0837662333727,,14,6,0.22549019607843138,18
39,-6.12565445026178,-75.0,1.5,256.10804198598987,,13,6,0.25735294117647056,19
40,-5.183246073298429,-75.0,1.5,281.23449393307465,,13,6,0.23703703703703705,18
41,-4.2408376963350785,-75.0,1.5,280.12812247403315,,7,7,0.24615384615384617,23
42,-3.298429319371728,-75.0,1.5,288.55474076231604,,7,5,0.24444444444444444,13
43,-2.356020942408377,-75.0,1.5,224.24882691495623,,4,4,0.23333333333333334,9
44,-1.4136125654450262,-75.0,1.5,220.04911180447212,,6,6,0.18888888888888888,17
45,-0.4712041884816754,-75.0,1.5,215.8785230269541,,10,5,0.23076923076923078,13
46,0.4712041884816754,-75.0,1.5,157.71917294498166,,9,4,0.2818181818181818,8
47,1.4136125654450262,-75.0,1.5,141.846662685768,,6,1,0.35,1
48,2.356020942408377,-75.0,1.5,96.02110809890675,,2,1,0.0,1
49,-14.607329842931941,-73.75,1.5,12.803912083412273,,0,0,0.0,0
50,-13.664921465968591,-73.75,1.5,0.0,,0,5,0.5,14
51,-12.72251308900524,-73.75,1.5,77.56063408429439,,2,10,0.2803030303030303,37
52,-11.780104712041888,-73.75,1.5,154.4270239880004,,5,12,0.23809523809523808,49
53,-10.837696335078537,-73.75,1.5,222.11775577348737,,13,4,0.21904761904761905,11
54,-9.895287958115185,-73.75,1.5,220.98332600157948,,17,4,0.21764705882352942,10
55,-8.952879581151834,-73.75,1.5,207.3432093645085,,13,5,0.2288135593220339,14
56,-8.010471204188482,-73.75,1.5,222.4580698479545,,8,6,0.203125,17
57,-7.0680628272251305,-73.75,1.5,217.97671367406463,,4,7,0.24285714285714285,23
58,-6.12565445026178,-73.75,1.5,240.99423193151952,,5,6,0.2222222222222222,17
59,-5.183246073298429,-73.75,1.5,285.2870299543067,,6,6,0.2111111111111111,17
60,-4.2408376963350785,-73.75,1.5,256.0989678403372,,6,5,0.25,13
61,-3.298429319371728,-73.75,1.5,250.98209003241973,,5,4,0.3333333333333333,9
62,-2.356020942408377,-73.75,1.5,241.25817967002746,,5,4,0.21428571428571427,9
63,-1.4136125654450262,-73.75,1.5,186.73326584559823,,4,4,0.2,9
64,-0.4712041884816754,-73.75,1.5,178.98258630412175,,4,4,0.26666666666666666,9
65,0.4712041884816754,-73.75,1.5,169.52625164373595,,6,4,0.21428571428571427,8
66,1.4136125654450262,-73.75,1.5,165.94149563457734,,8,1,0.35714285714285715,1
67,-14.607329842931941,-72.5,1.5,0.0,,0,10,0.28888888888888886,35
68,-13.664921465968591,-72.5,1.5,0.0,,0,7,0.3333333333333333,21
69,-12.72251308900524,-72.5,1.5,21.775810338132178,,0,10,0.3,37
70,-11.780104712041888,-72.5,1.5,247.8680828963552,,10,5,0.30128205128205127,13
71,-10.837696335078537,-72.5,1.5,233.05622213351697,,15,5,0.238562091503268,14
72,-9.895287958115185,-72.5,1.5,198.1728157570147,,10,5,0.2565789473684211,16
73,-8.952879581151834,-72.5,1.5,191.71344654873198,,5,6,0.18181818181818182,18
74,-8.010471204188482,-72.5,1.5,183.23526742385891,,4,6,0.18518518518518517,16
75,-7.0680628272251305,-72.5,1.5,211.86827185110812,,5,5,0.21428571428571427,12
76,-6.12565445026178,-72.5,1.5,225.9437044926323,,5,5,0.19642857142857142,13
77,-5.183246073298429,-72.5,1.5,291.0419919262405,,6,4,0.25,9
78,-4.2408376963350785,-72.5,1.5,264.0657723281462,,5,4,0.2619047619047619,9
79,-3.298429319371728,-72.5,1.5,238.24492360007062,,6,4,0.19642857142857142,9
80,-2.356020942408377,-72.5,1.5,238.5765460991333,,6,4,0.17857142857142858,9
81,-1.4136125654450262,-72.5,1.5,189.7825419192577,,4,5,0.19047619047619047,13
82,-0.4712041884816754,-72.5,1.5,179.82533455297934,,4,4,0.2,9
83,0.4712041884816754,-72.5,1.5,162.13567983780393,,5,3,0.2,5
84,1.4136125654450262,-72.5,1.5,144.1459401985396,,3,1,0.5,1
85,-14.607329842931941,-71.25,1.5,0.0,,0,16,0.24166666666666667,73
86,-13.664921465968591,-71.25,1.5,0.0,,0,12,0.26515151515151514,47
87,-12.72251308900524,-71.25,1.5,271.1684601620368,,7,11,0.2791666666666667,43
88,-11.780104712041888,-71.25,1.5,260.0620653425144,,14,5,0.23161764705882354,14
89,-10.837696335078537,-71.25,1.5,217.25478953696327,,14,4,0.2689075630252101,10
90,-9.895287958115185,-71.25,1.5,201.92550306519468,,6,3,0.275,7
91,-8.952879581151834,-71.25,1.5,163.04062551934393,,3,4,0.15,8
92,-8.010471204188482,-71.25,1.5,155.36858932799169,,3,5,0.16666666666666666,12
93,-7.0680628272251305,-71.25,1.5,210.6333328234056,,5,4,0.19047619047619047,9
94,-6.12565445026178,-71.25,1.5,234.3399788360121,,5,4,0.16666666666666666,9
95,-5.183246073298429,-71.25,1.5,194.94973265991356,,4,4,0.23333333333333334,9
96,-4.2408376963350785,-71.25,1.5,252.86147737043134,,6,5,0.16666666666666666,13
97,-3.298429319371728,-71.25,1.5,225.73119469914474,,4,5,0.19047619047619047,13
98,-2.356020942408377,-71.25,1.5,226.009844816197,,4,5,0.19047619047619047,13
99,-1.4136125654450262,-71.25,1.5,197.69316655097592,,4,5,0.21428571428571427,13
100,-0.4712041884816754,-71.25,1.5,221.3825763169906,,4,5,0.21428571428571427,13
101,0.4712041884816754,-71.25,1.5,199.03370328540856,,4,4,0.16666666666666666,9
102,1.4136125654450262,-71.25,1.5,132.65494444979146,,2,2,0.5,3
103,-13.664921465968591,-70.0,1.5,77.19015430239797,,1,11,0.32575757575757575,43
104,-12.72251308900524,-70.0,1.5,271.35548855091406,,11,5,0.2692307692307692,13
105,-11.780104712041888,-70.0,1.5,208.50191772796416,,14,4,0.24583333333333332,10
106,-10.837696335078537,-70.0,1.5,194.84611943732318,,10,3,0.2727272727272727,5
107,-9.895287958115185,-70.0,1.5,168.34778628180885,,2,2,0.0,3
108,-8.952879581151834,-70.0,1.5,175.84232763182158,,3,2,0.0,3
109,-8.010471204188482,-70.0,1.5,151.6133646902974,,3,4,0.15,9
110,-7.0680628272251305,-70.0,1.5,184.7388922969092,,4,4,0.2,9
111,-6.12565445026178,-70.0,1.5,207.08371490467866,,4,4,0.2,9
112,-5.183246073298429,-70.0,1.5,219.88931305632875,,4,4,0.2,9
113,-4.2408376963350785,-70.0,1.5,203.39074450127575,,4,4,0.23333333333333334,9
114,-3.298429319371728,-70.0,1.5,215.49934859924093,,4,5,0.23809523809523808,13
115,-2.356020942408377,-70.0,1.5,219.38227698987163,,4,5,0.23809523809523808,13
116,-1.4136125654450262,-70.0,1.5,224.55850659138252,,4,6,0.25,19
117,-0.4712041884816754,-70.0,1.5,291.51786740722747,,5,7,0.2222222222222222,24
118,0.4712041884816754,-70.0,1.5,265.28339128906185,,4,6,0.23214285714285715,18
119,1.4136125654450262,-70.0,1.5,215.93994774320595,,4,5,0.21428571428571427,15
120,-15.549738219895294,-68.75,1.5,0.0,,0,12,0.21212121212121213,39
121,-14.607329842931941,-68.75,1.5,35.49719645699297,,0,8,0.25,21
122,-13.664921465968591,-68.75,1.5,257.84776368942636,,9,7,0.26373626373626374,23
123,-12.72251308900524,-68.75,1.5,174.33678537161893,,11,4,0.28205128205128205,9
124,-11.780104712041888,-68.75,1.5,181.08971596414506,,10,3,0.2,5
125,-10.837696335078537,-68.75,1.5,160.8265505567001,,2,2,0.0,3
126,-9.895287958115185,-68.75,1.5,136.43582625835322,,2,2,0.0,3
127,-8.952879581151834,-68.75,1.5,155.32234816776807,,2,4,0.16666666666666666,9
128,-8.010471204188482,-68.75,1.5,186.85055985092953,,3,4,0.2,9
129,-7.0680628272251305,-68.75,1.5,195.34364066349406,,4,4,0.2,9
130,-6.12565445026178,-68.75,1.5,222.2682278108356,,4,4,0.2,9
131,-5.183246073298429,-68.75,1.5,232.83650497666443,,4,4,0.2,9
132,-4.2408376963350785,-68.75,1.5,259.7600043883812,,4,4,0.2,9
133,-3.298429319371728,-68.75,1.5,220.13634977571738,,5,5,0.19642857142857142,13
134,-2.356020942408377,-68.75,1.5,217.07822049556177,,5,5,0.21428571428571427,13
135,-1.4136125654450262,-68.75,1.5,247.11646458195958,,5,7,0.2222222222222222,24
136,-0.4712041884816754,-68.75,1.5,305.64415512468025,,5,9,0.24242424242424243,36
137,0.4712041884816754,-68.75,1.5,323.6449732452268,,5,7,0.25555555555555554,24
138,1.4136125654450262,-68.75,1.5,281.9840909896153,,4,6,0.26785714285714285,19
139,2.356020942408377,-68.75,1.5,256.57073894835247,,3,3,0.5,6
140,-16.492146596858646,-67.5,1.5,0.0,,0,7,0.2619047619047619,17
141,-15.549738219895294,-67.5,1.5,146.46887208736976,,3,10,0.20909090909090908,27
142,-14.607329842931941,-67.5,1.5,120.1490816632881,,4,0,0.16666666666666666,0
143,-13.664921465968591,-67.5,1.5,90.07290487593002,,1,0,0.0,0
144,-12.72251308900524,-67.5,1.5,47.82811359798585,,0,2,0.0,2
145,-11.780104712041888,-67.5,1.5,143.75843234601697,,2,2,0.0,3
146,-10.837696335078537,-67.5,1.5,177.5876908236576,,2,2,0.0,3
147,-9.895287958115185,-67.5,1.5,104.95474954408138,,2,2,0.0,3
148,-8.952879581151834,-67.5,1.5,175.94082069726542,,3,3,0.16666666666666666,6
149,-8.010471204188482,-67.5,1.5,174.40685582468242,,4,4,0.2,9
150,-7.0680628272251305,-67.5,1.5,189.18519157877265,,4,4,0.2,9
151,-6.12565445026178,-67.5,1.5,190.74791939179144,,4,4,0.2,9
152,-5.183246073298429,-67.5,1.5,192.52726883785377,,4,4,0.2,9
153,-4.2408376963350785,-67.5,1.5,205.95518302356916,,4,5,0.19047619047619047,13
154,-3.298429319371728,-67.5,1.5,206.66827900413767,,4,5,0.21428571428571427,13
155,-2.356020942408377,-67.5,1.5,220.27889554828502,,5,5,0.23214285714285715,14
156,-1.4136125654450262,-67.5,1.5,235.44808689823924,,5,8,0.2,27
157,-0.4712041884816754,-67.5,1.5,283.05010631319783,,6,10,0.24725274725274726,42
158,0.4712041884816754,-67.5,1.5,327.39290100336103,,7,8,0.2532467532467532,30
159,1.4136125654450262,-67.5,1.5,319.16274099946014,,5,8,0.23148148148148148,26
160,2.356020942408377,-67.5,1.5,343.37430822839366,,5,3,0.36666666666666664,6
161,-18.376963350785346,-66.25,1.5,0.0,,0,0,0.0,0
162,-17.434554973821996,-66.25,1.5,0.0,,0,1,0.0,1
163,-16.492146596858646,-66.25,1.5,42.62727263398802,,0,3,0.16666666666666666,4
164,-15.549738219895294,-66.25,1.5,155.48733341152152,,6,2,0.13333333333333333,3
165,-14.607329842931941,-66.25,1.5,138.90480806475222,,4,1,0.3333333333333333,1
166,-13.664921465968591,-66.25,1.5,11.611613585218809,,0,0,0.0,0
167,-12.72251308900524,-66.25,1.5,0.0,,0,0,0.0,0
168,-11.780104712041888,-66.25,1.5,94.8120517375316,,1,2,0.0,3
169,-10.837696335078537,-66.25,1.5,124.18384850601595,,2,2,0.0,3
170,-9.895287958115185,-66.25,1.5,136.69323793771784,,2,2,0.0,3
171,-8.952879581151834,-66.25,1.5,144.39496037895765,,2,3,0.16666666666666666,6
172,-8.010471204188482,-66.25,1.5,169.97642124248736,,4,4,0.16666666666666666,9
173,-7.0680628272251305,-66.25,1.5,183.69842183195598,,4,4,0.2,9
174,-6.12565445026178,-66.25,1.5,186.7286723659358,,4,4,0.2,9
175,-5.183246073298429,-66.25,1.5,187.3503166364277,,4,4,0.16666666666666666,8
176,-4.2408376963350785,-66.25,1.5,194.04330885373597,,4,6,0.17857142857142858,16
177,-3.298429319371728,-66.25,1.5,210.82141786484303,,4,7,0.2222222222222222,22
178,-2.356020942408377,-66.25,1.5,221.37641451212082,,5,6,0.20833333333333334,16
179,-1.4136125654450262,-66.25,1.5,240.44936652154604,,5,6,0.2222222222222222,17
180,-0.4712041884816754,-66.25,1.5,254.4091110404449,,6,9,0.23717948717948717,30
181,0.4712041884816754,-66.25,1.5,255.32452951226682,,7,8,0.2564102564102564,25
182,1.4136125654450262,-66.25,1.5,200.33656508497393,,4,8,0.25555555555555554,22
183,2.356020942408377,-66.25,1.5,302.8639986296844,,7,3,0.2857142857142857,5
184,-18.376963350785346,-65.0,1.5,0.0,,0,0,0.0,0
185,-17.434554973821996,-65.0,1.5,28.31797010497902,,0,1,0.0,1
186,-16.492146596858646,-65.0,1.5,116.50379596460235,,3,1,0.0,1
187,-15.549738219895294,-65.0,1.5,150.81030379153853,,0,0,0.0,0
188,-14.607329842931941,-65.0,1.5,73.95207145295672,,0,0,0.0,0
189,-13.664921465968591,-65.0,1.5,16.604128683535855,,0,0,0.0,0
190,-12.72251308900524,-65.0,1.5,0.0,,0,0,0.0,0
191,-11.780104712041888,-65.0,1.5,97.09082434646048,,1,2,0.0,3
192,-10.837696335078537,-65.0,1.5,154.77018995241616,,2,2,0.0,3
193,-9.895287958115185,-65.0,1.5,142.47210364216926,,2,2,0.0,3
194,-8.952879581151834,-65.0,1.5,175.1204312728052,,2,3,0.16666666666666666,6
195,-8.010471204188482,-65.0,1.5,178.4094472256963,,4,4,0.16666666666666666,9
196,-7.0680628272251305,-65.0,1.5,192.2613818958465,,4,4,0.2,9
197,-6.12565445026178,-65.0,1.5,187.913583050377,,4,5,0.19047619047619047,13
198,-5.183246073298429,-65.0,1.5,208.09098483613596,,4,4,0.2,10
199,-4.2408376963350785,-65.0,1.5,222.23722816527084,,3,4,0.2,9
200,-3.298429319371728,-65.0,1.5,213.6417532169371,,4,5,0.2619047619047619,13
201,-2.356020942408377,-65.0,1.5,236.09805049257773,,4,5,0.2619047619047619,12
202,-1.4136125654450262,-65.0,1.5,233.18727478593118,,5,7,0.2222222222222222,23
203,-0.4712041884816754,-65.0,1.5,231.23428669991054,,6,6,0.24444444444444444,14
204,0.4712041884816754,-65.0,1.5,234.49243321532597,,7,7,0.26515151515151514,16
205,1.4136125654450262,-65.0,1.5,217.38111767092477,,7,3,0.375,5
206,-20.261780104712045,-63.75,1.5,137.27722870677542,,0,0,0.0,0
207,-19.319371727748695,-63.75,1.5,41.34633037843102,,0,1,0.0,1
208,-18.376963350785346,-63.75,1.5,81.43753986551765,,2,1,0.0,1
209,-17.434554973821996,-63.75,1.5,42.62633578228577,,0,0,0.0,0
210,-16.492146596858646,-63.75,1.5,107.31080878876715,,0,0,0.0,0
211,-15.549738219895294,-63.75,1.5,88.61771972967209,,0,1,0.0,1
212,-14.607329842931941,-63.75,1.5,148.64853803801847,,2,1,0.0,1
213,-13.664921465968591,-63.75,1.5,79.17057653837257,,0,0,0.0,0
214,-12.72251308900524,-63.75,1.5,65.34804694153908,,0,1,0.0,1
215,-11.780104712041888,-63.75,1.5,127.62703813355314,,2,2,0.0,3
216,-10.837696335078537,-63.75,1.5,162.30477365469628,,2,2,0.0,3
217,-9.895287958115185,-63.75,1.5,125.85630864452244,,2,2,0.0,3
218,-8.952879581151834,-63.75,1.5,133.37519177683166,,2,2,0.0,3
219,-8.010471204188482,-63.75,1.5,170.9450330767796,,4,3,0.15,6
220,-7.0680628272251305,-63.75,1.5,184.25673917340637,,4,5,0.19047619047619047,13
221,-6.12565445026178,-63.75,1.5,196.3278010640717,,4,5,0.21428571428571427,13
222,-5.183246073298429,-63.75,1.5,212.4477334524892,,4,5,0.23809523809523808,13
223,-4.2408376963350785,-63.75,1.5,222.26384928623818,,4,4,0.23333333333333334,10
224,-3.298429319371728,-63.75,1.5,240.16957165364798,,4,4,0.26666666666666666,10
225,-2.356020942408377,-63.75,1.5,271.4596724226338,,6,5,0.19444444444444445,13
226,-1.4136125654450262,-63.75,1.5,249.81110161889828,,6,5,0.2222222222222222,13
227,-0.4712041884816754,-63.75,1.5,189.1811467014542,,6,5,0.2222222222222222,10
228,0.4712041884816754,-63.75,1.5,157.7404667229752,,7,5,0.2777777777777778,7
229,1.4136125654450262,-63.75,1.5,149.20233246561352,,9,4,0.3,5
230,3.298429319371728,-63.75,1.5,112.19434997182354,,6,2,0.36666666666666664,2
231,-19.319371727748695,-62.5,1.5,0.0,,0,0,0.0,0
232,-18.376963350785346,-62.5,1.5,0.0,,0,0,0.0,0
233,-17.434554973821996,-62.5,1.5,0.0,,0,0,0.0,0
234,-16.492146596858646,-62.5,1.5,81.03150648954427,,0,0,0.0,0
235,-15.549738219895294,-62.5,1.5,118.27945764489388,,1,2,0.0,3
236,-14.607329842931941,-62.5,1.5,145.77895987000343,,2,2,0.0,3
237,-13.664921465968591,-62.5,1.5,118.49707299462601,,2,1,0.0,1
238,-12.72251308900524,-62.5,1.5,76.59318787826311,,0,0,0.0,0
239,-11.780104712041888,-62.5,1.5,49.97326616920253,,0,0,0.0,0
240,-10.837696335078537,-62.5,1.5,39.69435818050962,,0,2,0.5,3
241,-9.895287958115185,-62.5,1.5,123.01321208385845,,2,4,0.25,9
242,-8.952879581151834,-62.5,1.5,182.82736090305303,,2,4,0.25,9
243,-8.010471204188482,-62.5,1.5,168.4977794160801,,2,5,0.25,13
244,-7.0680628272251305,-62.5,1.5,230.05771191319408,,4,5,0.21428571428571427,13
245,-6.12565445026178,-62.5,1.5,239.79328709119324,,4,5,0.2619047619047619,14
246,-5.183246073298429,-62.5,1.5,264.79611894607183,,5,6,0.2222222222222222,18
247,-4.2408376963350785,-62.5,1.5,249.80726492916116,,5,6,0.20833333333333334,17
248,-3.298429319371728,-62.5,1.5,300.6181874592041,,6,5,0.16666666666666666,12
249,-2.356020942408377,-62.5,1.5,313.3324754525736,,7,5,0.17777777777777778,14
250,-1.4136125654450262,-62.5,1.5,248.80120845242624,,5,5,0.21428571428571427,14
251,-0.4712041884816754,-62.5,1.5,211.3550372783418,,5,5,0.25,12
252,0.4712041884816754,-62.5,1.5,122.30146321949957,,3,2,0.3,1
253,1.4136125654450262,-62.5,1.5,121.21609291486888,,7,1,0.39285714285714285,0
254,2.356020942408377,-62.5,1.5,103.59429091629472,,6,0,0.43333333333333335,0
255,3.298429319371728,-62.5,1.5,68.29401603962592,,4,0,0.5,0
256,-18.376963350785346,-61.25,1.5,0.0,,0,0,0.0,0
257,-17.434554973821996,-61.25,1.5,0.0,,0,0,0.0,0
258,-16.492146596858646,-61.25,1.5,38.84954214649071,,0,0,0.0,0
259,-15.549738219895294,-61.25,1.5,25.76276621095053,,0,0,0.0,0
260,-14.607329842931941,-61.25,1.5,48.79337110185791,,0,1,0.0,1
261,-13.664921465968591,-61.25,1.5,104.4163087455464,,2,1,0.0,1
262,-12.72251308900524,-61.25,1.5,32.69866166909058,,0,0,0.0,0
263,-11.780104712041888,-61.25,1.5,85.73241562790726,,0,2,0.5,3
264,-10.837696335078537,-61.25,1.5,111.98905058507897,,2,4,0.25,9
265,-9.895287958115185,-61.25,1.5,206.66948609842908,,4,4,0.16666666666666666,9
266,-8.952879581151834,-61.25,1.5,203.2755128918479,,4,3,0.2,5
267,-8.010471204188482,-61.25,1.5,219.25392498092486,,4,4,0.2,10
268,-7.0680628272251305,-61.25,1.5,257.99565842242856,,4,6,0.25,18
269,-6.12565445026178,-61.25,1.5,293.8178152509399,,6,6,0.2,18
270,-5.183246073298429,-61.25,1.5,266.3940294313841,,5,6,0.2222222222222222,17
271,-4.2408376963350785,-61.25,1.5,263.65705530804337,,5,5,0.23214285714285715,13
272,-3.298429319371728,-61.25,1.5,300.5107688323492,,5,5,0.21428571428571427,14
273,-2.356020942408377,-61.25,1.5,282.58989894808354,,4,7,0.2361111111111111,24
274,-1.4136125654450262,-61.25,1.5,269.4248699401352,,5,6,0.25,19
275,-0.4712041884816754,-61.25,1.5,238.0987604211778,,7,5,0.2222222222222222,13
276,0.4712041884816754,-61.25,1.5,171.8137542351096,,7,3,0.21428571428571427,4
277,1.4136125654450262,-61.25,1.5,106.10715191576499,,6,0,0.3333333333333333,0
278,2.356020942408377,-61.25,1.5,73.4371502130829,,7,0,0.4523809523809524,0
279,3.298429319371728,-61.25,1.5,4.346685890538384,,0,0,0.0,0
280,4.2408376963350785,-61.25,1.5,0.7296053702534852,,0,0,0.0,0
281,-15.549738219895294,-60.0,1.5,0.0,,0,0,0.0,0
282,-14.607329842931941,-60.0,1.5,5.099623638861367,,0,0,0.0,0
283,-13.664921465968591,-60.0,1.5,49.116064802857245,,0,1,0.0,1
284,-12.72251308900524,-60.0,1.5,119.98495549449396,,2,2,0.0,3
285,-11.780104712041888,-60.0,1.5,188.42173129937063,,2,2,0.0,3
286,-10.837696335078537,-60.0,1.5,238.12347490624617,,6,3,0.14285714285714285,6
287,-9.895287958115185,-60.0,1.5,245.16378937699628,,5,4,0.19047619047619047,9
288,-8.952879581151834,-60.0,1.5,263.9032435163198,,4,3,0.2,6
289,-8.010471204188482,-60.0,1.5,,,0,5,0.35,12
290,-7.0680628272251305,-60.0,1.5,308.3279098753597,,4,7,0.2361111111111111,22
291,-6.12565445026178,-60.0,1.5,288.72034682934805,,5,7,0.24444444444444444,24
292,-5.183246073298429,-60.0,1.5,300.5793937991323,,6,6,0.2111111111111111,17
293,-4.2408376963350785,-60.0,1.5,324.6099326108997,,6,6,0.2222222222222222,19
294,-3.298429319371728,-60.0,1.5,365.86779293009386,,5,6,0.20833333333333334,16
295,-2.356020942408377,-60.0,1.5,393.3853629266394,,5,8,0.24545454545454545,32
296,-1.4136125654450262,-60.0,1.5,256.2780568953003,,5,9,0.23484848484848486,33
297,-0.4712041884816754,-60.0,1.5,262.3180691927859,,6,6,0.23333333333333334,17
298,0.4712041884816754,-60.0,1.5,178.671440253757,,6,2,0.26666666666666666,3
299,1.4136125654450262,-60.0,1.5,108.44640048506304,,2,0,0.5,0
300,2.356020942408377,-60.0,1.5,72.87608244859369,,0,0,0.0,0
301,3.298429319371728,-60.0,1.5,14.072469528564882,,0,0,0.0,0
302,4.2408376963350785,-60.0,1.5,10.90056441830568,,0,0,0.0,0
303,5.183246073298429,-60.0,1.5,29.803554931821925,,0,0,0.0,0
304,-13.664921465968591,-58.75,1.5,0.0,,0,0,0.0,0
305,-12.72251308900524,-58.75,1.5,0.0,,0,1,0.0,1
306,-11.780104712041888,-58.75,1.5,152.70618103882788,,2,4,0.08333333333333333,8
307,-10.837696335078537,-58.75,1.5,145.72310703311524,,2,6,0.23333333333333334,17
308,-9.895287958115185,-58.75,1.5,259.9044217692265,,5,5,0.19642857142857142,13
309,-8.952879581151834,-58.75,1.5,303.1197485092295,,5,5,0.19642857142857142,13
310,-8.010471204188482,-58.75,1.5,337.6339204401698,,5,6,0.16666666666666666,18
311,-7.0680628272251305,-58.75,1.5,350.310972872583,,6,6,0.2222222222222222,17
312,-6.12565445026178,-58.75,1.5,348.0511673348615,,7,5,0.24444444444444444,14
313,-5.183246073298429,-58.75,1.5,330.88405742691475,,7,6,0.2,16
314,-4.2408376963350785,-58.75,1.5,285.7600106371332,,5,5,0.26785714285714285,14
315,-3.298429319371728,-58.75,1.5,373.6818413855392,,5,7,0.2,20
316,-2.356020942408377,-58.75,1.5,371.5549340710745,,5,12,0.2,48
317,-1.4136125654450262,-58.75,1.5,380.36705264283506,,6,12,0.19583333333333333,43
318,-0.4712041884816754,-58.75,1.5,288.3335343723459,,6,8,0.23484848484848486,21
319,0.4712041884816754,-58.75,1.5,199.06417175299168,,7,3,0.2857142857142857,5
320,-13.664921465968591,-57.5,1.5,16.2666266499728,,0,1,0.0,1
321,-12.72251308900524,-57.5,1.5,139.05958449648372,,2,2,0.0,3
322,-11.780104712041888,-57.5,1.5,213.41267456182092,,3,2,0.0,3
323,-10.837696335078537,-57.5,1.5,202.22710096159474,,3,3,0.25,6
324,-9.895287958115185,-57.5,1.5,248.98917329579868,,5,5,0.16071428571428573,12
325,-8.952879581151834,-57.5,1.5,315.1847714508613,,5,6,0.20833333333333334,18
326,-8.010471204188482,-57.5,1.5,327.88697674375186,,4,5,0.2619047619047619,13
327,-7.0680628272251305,-57.5,1.5,321.8080953899011,,6,5,0.25,14
328,-6.12565445026178,-57.5,1.5,297.9080759282931,,7,6,0.20909090909090908,18
329,-5.183246073298429,-57.5,1.5,296.11705200926787,,6,7,0.22727272727272727,23
330,-4.2408376963350785,-57.5,1.5,282.18523951941336,,5,6,0.20833333333333334,16
331,-3.298429319371728,-57.5,1.5,317.3639776132,,6,6,0.2222222222222222,16
332,-2.356020942408377,-57.5,1.5,207.75217639294695,,3,11,0.20454545454545456,32
333,-1.4136125654450262,-57.5,1.5,355.9616006545036,,6,13,0.15808823529411764,32
334,-0.4712041884816754,-57.5,1.5,274.8255903906903,,8,9,0.18571428571428572,16
335,0.4712041884816754,-57.5,1.5,187.47929121916803,,7,4,0.2916666666666667,4
336,1.4136125654450262,-57.5,1.5,128.58689933712049,,4,0,0.5,0
337,-13.664921465968591,-56.25,1.5,46.07097959812817,,0,0,0.0,0
338,-12.72251308900524,-56.25,1.5,0.0,,0,0,0.0,0
339,-11.780104712041888,-56.25,1.5,133.89328114888164,,1,2,0.0,3
340,-10.837696335078537,-56.25,1.5,203.15959765748337,,2,4,0.16666666666666666,9
341,-9.895287958115185,-56.25,1.5,140.3149673516845,,2,5,0.25,13
342,-8.952879581151834,-56.25,1.5,345.9939932930823,,6,8,0.19696969696969696,28
343,-8.010471204188482,-56.25,1.5,344.9805138369373,,6,7,0.22727272727272727,24
344,-7.0680628272251305,-56.25,1.5,322.8949236089092,,8,5,0.20909090909090908,14
345,-6.12565445026178,-56.25,1.5,247.30659567028587,,5,6,0.2361111111111111,17
346,-5.183246073298429,-56.25,1.5,271.67454269335667,,7,4,0.25,10
347,-4.2408376963350785,-56.25,1.5,215.37685339181354,,4,5,0.23809523809523808,12
348,-3.298429319371728,-56.25,1.5,258.28867998013476,,6,5,0.2222222222222222,9
349,-2.356020942408377,-56.25,1.5,197.32512508386705,,5,8,0.19090909090909092,14
350,-1.4136125654450262,-56.25,1.5,212.40415644691876,,6,9,0.20512820512820512,14
351,-0.4712041884816754,-56.25,1.5,189.81120102491045,,8,5,0.2545454545454545,5
352,0.4712041884816754,-56.25,1.5,139.80346735227135,,6,1,0.38095238095238093,0
353,1.4136125654450262,-56.25,1.5,99.40154965200537,,4,0,0.5,0
354,-14.607329842931941,-55.0,1.5,0.0,,0,0,0.0,0
355,-13.664921465968591,-55.0,1.5,0.0,,0,2,0.0,2
356,-12.72251308900524,-55.0,1.5,179.15958381211428,,2,3,0.16666666666666666,6
357,-11.780104712041888,-55.0,1.5,215.81735701581795,,2,4,0.25,9
358,-10.837696335078537,-55.0,1.5,147.78938872519555,,2,5,0.2,12
359,-9.895287958115185,-55.0,1.5,155.728304992602,,2,7,0.2857142857142857,23
360,-8.952879581151834,-55.0,1.5,314.859557545593,,6,7,0.2,25
361,-8.010471204188482,-55.0,1.5,344.509323814251,,6,6,0.24444444444444444,17
362,-7.0680628272251305,-55.0,1.5,307.89992234068643,,6,6,0.23333333333333334,17
363,-6.12565445026178,-55.0,1.5,288.8888742288279,,7,5,0.2222222222222222,13
364,-5.183246073298429,-55.0,1.5,270.79749109114977,,6,5,0.2361111111111111,13
365,-4.2408376963350785,-55.0,1.5,229.59413876749366,,6,3,0.2619047619047619,5
366,-3.298429319371728,-55.0,1.5,179.07938800977055,,5,4,0.21428571428571427,6
367,-2.356020942408377,-55.0,1.5,112.83380815256558,,3,3,0.26666666666666666,1
368,-1.4136125654450262,-55.0,1.5,92.43856234921707,,4,1,0.45,0
369,-0.4712041884816754,-55.0,1.5,135.52967952139855,,6,0,0.43333333333333335,0
370,0.4712041884816754,-55.0,1.5,111.09989503178629,,4,0,0.5,0
371,1.4136125654450262,-55.0,1.5,92.7930808056249,,5,0,0.45,0
372,2.356020942408377,-55.0,1.5,90.0922238505666,,0,0,0.0,0
373,-14.607329842931941,-53.75,1.5,0.0,,0,0,0.0,0
374,-13.664921465968591,-53.75,1.5,0.0,,0,1,0.0,1
375,-12.72251308900524,-53.75,1.5,204.184161950036,,3,3,0.08333333333333333,6
376,-11.780104712041888,-53.75,1.5,224.011595499757,,4,2,0.25,3
377,-10.837696335078537,-53.75,1.5,277.3149500461013,,5,3,0.16666666666666666,6
378,-9.895287958115185,-53.75,1.5,274.3238746148903,,4,5,0.19047619047619047,12
379,-8.952879581151834,-53.75,1.5,307.626667842192,,4,6,0.2857142857142857,18
380,-8.010471204188482,-53.75,1.5,336.9955169161899,,7,4,0.2916666666666667,9
381,-7.0680628272251305,-53.75,1.5,342.7327571830693,,8,5,0.22727272727272727,13
382,-6.12565445026178,-53.75,1.5,320.3090074511273,,8,5,0.21818181818181817,13
383,-5.183246073298429,-53.75,1.5,237.38524138591362,,6,4,0.23214285714285715,9
384,-4.2408376963350785,-53.75,1.5,236.4193611615219,,7,3,0.19642857142857142,4
385,-3.298429319371728,-53.75,1.5,155.7136654036152,,4,3,0.15,3
386,-2.356020942408377,-53.75,1.5,144.1537053978111,,6,1,0.2857142857142857,0
387,-1.4136125654450262,-53.75,1.5,101.98273955963421,,4,1,0.3,0
388,-0.4712041884816754,-53.75,1.5,115.60394899168621,,6,0,0.4,0
389,0.4712041884816754,-53.75,1.5,98.00847242218583,,3,0,0.5,0
390,1.4136125654450262,-53.75,1.5,88.04005715401748,,3,0,0.5,0
391,2.356020942408377,-53.75,1.5,88.53104641538455,,1,0,0.0,0
392,-13.664921465968591,-52.5,1.5,0.0,,0,0,0.0,0
393,-12.72251308900524,-52.5,1.5,49.126796381013015,,0,1,0.0,1
394,-11.780104712041888,-52.5,1.5,163.66073926628187,,2,1,0.0,1
395,-10.837696335078537,-52.5,1.5,114.26875536105469,,0,1,0.0,1
396,-9.895287958115185,-52.5,1.5,220.71562264833761,,4,3,0.15,6
397,-8.952879581151834,-52.5,1.5,307.1440564335169,,4,5,0.19047619047619047,12
398,-8.010471204188482,-52.5,1.5,306.6951097440861,,5,4,0.2619047619047619,9
399,-7.0680628272251305,-52.5,1.5,326.63202699141135,,8,4,0.18888888888888888,8
400,-6.12565445026178,-52.5,1.5,248.97795657566226,,5,3,0.3,6
401,-5.183246073298429,-52.5,1.5,248.27397471453844,,6,4,0.19642857142857142,9
402,-4.2408376963350785,-52.5,1.5,205.1137832196182,,5,3,0.16666666666666666,5
403,-3.298429319371728,-52.5,1.5,126.29090068096981,,1,2,0.0,1
404,-2.356020942408377,-52.5,1.5,130.92442593987658,,3,0,0.3333333333333333,0
405,-1.4136125654450262,-52.5,1.5,92.24977295523358,,4,0,0.3333333333333333,0
406,-0.4712041884816754,-52.5,1.5,111.41119665815388,,6,0,0.36666666666666664,0
407,0.4712041884816754,-52.5,1.5,103.73114321564897,,3,0,0.5,0
408,-8.952879581151834,-51.25,1.5,213.96145514545327,,3,2,0.3333333333333333,3
409,-8.010471204188482,-51.25,1.5,210.5836585240149,,4,2,0.25,3
410,-7.0680628272251305,-51.25,1.5,257.160586335955,,4,1,0.3333333333333333,1
411,-5.183246073298429,-51.25,1.5,257.369888106873,,5,2,0.25,3
412,-4.2408376963350785,-51.25,1.5,178.2901356249468,,4,2,0.16666666666666666,3
413,-3.298429319371728,-51.25,1.5,169.44352453227435,,3,1,0.0,1
414,-2.356020942408377,-51.25,1.5,139.59134803391942,,2,0,0.0,0
415,-3.298429319371728,-50.0,1.5,157.08155795097815,,2,1,0.0,1
