node_id,lat,lon,threshold,prec,evap,in_degree,out_degree,clustering,ffl
0,-6.12565445026178,-78.75,1.0,0.0,,0,1,0.0,1
1,-5.183246073298429,-78.75,1.0,21.570978872111237,,0,3,0.3333333333333333,5
2,-4.2408376963350785,-78.75,1.0,85.29918838003914,,2,7,0.38095238095238093,28
3,-3.298429319371728,-78.75,1.0,51.6578332786295,,1,8,0.5,36
4,-2.356020942408377,-78.75,1.0,14.288974701127593,,0,8,0.5,36
5,-1.4136125654450262,-78.75,1.0,10.830361405360172,,0,9,0.5555555555555556,49
6,-8.952879581151834,-77.5,1.0,0.0,,0,18,0.2222222222222222,86
7,-8.010471204188482,-77.5,1.0,46.2825084833965,,2,13,0.28205128205128205,58
8,-7.0680628272251305,-77.5,1.0,60.78032042244872,,3,11,0.2878787878787879,42
9,-6.12565445026178,-77.5,1.0,62.231377771893506,,3,11,0.24242424242424243,42
10,-5.183246073298429,-77.5,1.0,104.30072601445048,,6,6,0.2111111111111111,17
11,-4.2408376963350785,-77.5,1.0,121.02520519700451,,6,7,0.2636363636363636,26
12,-3.298429319371728,-77.5,1.0,134.8584378452924,,5,8,0.33636363636363636,33
13,-2.356020942408377,-77.5,1.0,83.64099525210523,,5,8,0.39090909090909093,37
14,-1.4136125654450262,-77.5,1.0,141.90114435618523,,7,13,0.38,85
15,-0.4712041884816754,-77.5,1.0,139.50004107052928,,5,26,0.2729528535980149,219
16,0.4712041884816754,-77.5,1.0,114.57574426981272,,3,23,0.3156934306569343,185
17,-10.837696335078537,-76.25,1.0,0.0,,0,9,0.3333333333333333,33
18,-9.895287958115185,-76.25,1.0,7.792280084341199,,0,8,0.30357142857142855,25
19,-8.952879581151834,-76.25,1.0,102.65201233387799,,4,22,0.14492753623188406,96
20,-8.010471204188482,-76.25,1.0,104.57062222388909,,7,8,0.32051282051282054,24
21,-7.0680628272251305,-76.25,1.0,112.29417139339134,,9,4,0.33636363636363636,9
22,-6.12565445026178,-76.25,1.0,114.06553638093001,,11,4,0.28205128205128205,9
23,-5.183246073298429,-76.25,1.0,121.00350500022037,,10,4,0.26153846153846155,11
24,-4.2408376963350785,-76.25,1.0,129.6732086912378,,9,8,0.23076923076923078,29
25,-3.298429319371728,-76.25,1.0,141.64688037752214,,11,8,0.24074074074074073,33
26,-2.356020942408377,-76.25,1.0,146.50292147843564,,11,8,0.29850746268656714,37
27,-1.4136125654450262,-76.25,1.0,155.18166535010693,,11,11,0.3502673796791444,68
28,-0.4712041884816754,-76.25,1.0,178.29737975304624,,11,10,0.4041916167664671,55
29,0.4712041884816754,-76.25,1.0,194.64588701676473,,8,9,0.4411764705882353,45
30,1.4136125654450262,-76.25,1.0,141.8259474711553,,4,9,0.3888888888888889,37
31,-13.664921465968591,-75.0,1.0,0.0,,0,0,0.0,0
32,-12.72251308900524,-75.0,1.0,0.0,,0,4,0.3333333333333333,8
33,-11.780104712041888,-75.0,1.0,21.181466843518898,,0,8,0.32142857142857145,26
34,-10.837696335078537,-75.0,1.0,145.20499715264188,,4,22,0.125,95
35,-9.895287958115185,-75.0,1.0,140.49493809897075,,8,8,0.23626373626373626,23
36,-8.952879581151834,-75.0,1.0,93.77133975283594,,11,3,0.22727272727272727,5
37,-8.010471204188482,-75.0,1.0,81.99454310256435,,13,3,0.25274725274725274,5
38,-7.0680628272251305,-75.0,1.0,94.1879487306838,,14,4,0.25416666666666665,9
39,-6.12565445026178,-75.0,1.0,118.89243770801258,,13,4,0.2523809523809524,9
40,-5.183246073298429,-75.0,1.0,147.45065597963344,,11,7,0.19327731092436976,24
41,-4.2408376963350785,-75.0,1.0,162.27027482453087,,9,11,0.19205298013245034,47
42,-3.298429319371728,-75.0,1.0,174.83555366166001,,9,13,0.22459893048128343,63
43,-2.356020942408377,-75.0,1.0,187.16714825886697,,12,18,0.18351063829787234,98
44,-1.4136125654450262,-75.0,1.0,195.60074839117362,,14,18,0.24305555555555555,103
45,-0.4712041884816754,-75.0,1.0,201.75317914196972,,11,17,0.30434782608695654,102
46,0.4712041884816754,-75.0,1.0,150.23127018978283,,10,6,0.43956043956043955,18
47,1.4136125654450262,-75.0,1.0,140.7131561562344,,8,4,0.45555555555555555,9
48,2.356020942408377,-75.0,1.0,103.99389517490678,,3,2,0.5,3
49,-14.607329842931941,-73.75,1.0,2.6504722768943885,,0,0,0.0,0
50,-13.664921465968591,-73.75,1.0,0.0,,0,5,0.5,14
51,-12.72251308900524,-73.75,1.0,39.57166997043159,,1,12,0.25,47
52,-11.780104712041888,-73.75,1.0,66.71404156011585,,4,24,0.13230769230769232,109
53,-10.837696335078537,-73.75,1.0,93.9333542149178,,14,4,0.2125,8
54,-9.895287958115185,-73.75,1.0,82.93391961198414,,17,4,0.22941176470588234,9
55,-8.952879581151834,-73.75,1.0,84.78683614950785,,15,5,0.2222222222222222,12
56,-8.010471204188482,-73.75,1.0,101.82229346475968,,16,6,0.19210526315789472,18
57,-7.0680628272251305,-73.75,1.0,126.22150122482772,,13,7,0.17647058823529413,23
58,-6.12565445026178,-73.75,1.0,147.61242246588523,,12,8,0.18627450980392157,26
59,-5.183246073298429,-73.75,1.0,157.90382694988153,,7,7,0.2196969696969697,22
60,-4.2408376963350785,-73.75,1.0,162.27284470185623,,6,6,0.3,18
61,-3.298429319371728,-73.75,1.0,160.81869326755168,,7,7,0.29545454545454547,25
62,-2.356020942408377,-73.75,1.0,177.6180443974613,,8,10,0.25,42
63,-1.4136125654450262,-73.75,1.0,166.70311724768456,,10,12,0.2868421052631579,59
64,-0.4712041884816754,-73.75,1.0,174.24203594411895,,10,13,0.3047619047619048,61
65,0.4712041884816754,-73.75,1.0,190.36255014151573,,13,9,0.3026315789473684,33
66,1.4136125654450262,-73.75,1.0,174.1730674327398,,13,2,0.41025641025641024,3
67,-14.607329842931941,-72.5,1.0,0.0,,0,1,0.0,1
68,-13.664921465968591,-72.5,1.0,0.0,,0,11,0.34545454545454546,49
69,-12.72251308900524,-72.5,1.0,11.71798972632424,,0,13,0.24358974358974358,51
70,-11.780104712041888,-72.5,1.0,105.57644297599681,,13,6,0.25,18
71,-10.837696335078537,-72.5,1.0,95.40301628113725,,18,3,0.26627218934911245,8
72,-9.895287958115185,-72.5,1.0,97.87700683727905,,17,7,0.2543859649122807,19
73,-8.952879581151834,-72.5,1.0,103.81349955551977,,11,7,0.20588235294117646,23
74,-8.010471204188482,-72.5,1.0,115.80573308707542,,11,4,0.23717948717948717,9
75,-7.0680628272251305,-72.5,1.0,125.70646924050467,,9,4,0.2818181818181818,9
76,-6.12565445026178,-72.5,1.0,148.8902452253089,,6,5,0.2638888888888889,12
77,-5.183246073298429,-72.5,1.0,168.28986034902812,,6,6,0.2111111111111111,18
78,-4.2408376963350785,-72.5,1.0,182.38528898017535,,7,7,0.23484848484848486,24
79,-3.298429319371728,-72.5,1.0,177.687361250575,,8,7,0.2564102564102564,25
80,-2.356020942408377,-72.5,1.0,183.89197814443264,,8,9,0.2619047619047619,35
81,-1.4136125654450262,-72.5,1.0,157.41221111283957,,7,11,0.29583333333333334,48
82,-0.4712041884816754,-72.5,1.0,160.35795744227312,,10,9,0.3382352941176471,35
83,0.4712041884816754,-72.5,1.0,167.89461696933932,,11,8,0.3088235294117647,30
84,1.4136125654450262,-72.5,1.0,151.24543918426815,,12,5,0.29523809523809524,15
85,-14.607329842931941,-71.25,1.0,0.0,,0,8,0.35714285714285715,28
86,-13.664921465968591,-71.25,1.0,0.0,,0,17,0.19852941176470587,71
87,-12.72251308900524,-71.25,1.0,141.8397740578785,,8,21,0.19515669515669515,92
88,-11.780104712041888,-71.25,1.0,108.41751204866151,,16,4,0.23202614379084968,10
89,-10.837696335078537,-71.25,1.0,91.21182755484182,,17,5,0.27393617021276595,15
90,-9.895287958115185,-71.25,1.0,101.54602831339797,,13,5,0.20833333333333334,12
91,-8.952879581151834,-71.25,1.0,114.77046576084986,,10,6,0.21428571428571427,17
92,-8.010471204188482,-71.25,1.0,126.27020749479775,,6,4,0.25,9
93,-7.0680628272251305,-71.25,1.0,137.7766542952117,,7,4,0.20833333333333334,10
94,-6.12565445026178,-71.25,1.0,159.2099053245188,,6,7,0.2,22
95,-5.183246073298429,-71.25,1.0,172.39330094914925,,6,6,0.2222222222222222,18
96,-4.2408376963350785,-71.25,1.0,176.4396499697274,,7,7,0.2196969696969697,24
97,-3.298429319371728,-71.25,1.0,185.79862687901823,,7,7,0.25,25
98,-2.356020942408377,-71.25,1.0,183.21856538417705,,8,8,0.27472527472527475,30
99,-1.4136125654450262,-71.25,1.0,155.48996675192387,,8,8,0.29120879120879123,30
100,-0.4712041884816754,-71.25,1.0,163.9352900346405,,11,8,0.3272058823529412,30
101,0.4712041884816754,-71.25,1.0,182.91027231081034,,12,9,0.2719298245614035,35
102,1.4136125654450262,-71.25,1.0,123.87491901764473,,5,7,0.3111111111111111,27
103,-13.664921465968591,-70.0,1.0,46.88106821317175,,1,20,0.1695906432748538,97
104,-12.72251308900524,-70.0,1.0,128.23017551122766,,11,4,0.2692307692307692,10
105,-11.780104712041888,-70.0,1.0,74.55192607410658,,12,3,0.32051282051282054,7
106,-10.837696335078537,-70.0,1.0,90.58041053440328,,11,6,0.28365384615384615,16
107,-9.895287958115185,-70.0,1.0,105.87558296059788,,8,5,0.22727272727272727,12
108,-8.952879581151834,-70.0,1.0,116.8771500476801,,8,4,0.25555555555555554,9
109,-8.010471204188482,-70.0,1.0,131.66381236152122,,5,4,0.19047619047619047,9
110,-7.0680628272251305,-70.0,1.0,144.3311619167344,,6,6,0.2,19
111,-6.12565445026178,-70.0,1.0,158.99225838297622,,5,7,0.2111111111111111,22
112,-5.183246073298429,-70.0,1.0,167.3139285548605,,5,6,0.2361111111111111,18
113,-4.2408376963350785,-70.0,1.0,168.64010028647328,,6,6,0.25555555555555554,18
114,-3.298429319371728,-70.0,1.0,182.69108138597744,,6,7,0.2727272727272727,25
115,-2.356020942408377,-70.0,1.0,177.74451540203466,,8,8,0.24725274725274726,30
116,-1.4136125654450262,-70.0,1.0,168.39372068378105,,9,8,0.2571428571428571,30
117,-0.4712041884816754,-70.0,1.0,184.25671692665514,,13,9,0.25,39
118,0.4712041884816754,-70.0,1.0,200.3307770209433,,13,10,0.25476190476190474,46
119,1.4136125654450262,-70.0,1.0,183.5839682216703,,10,10,0.22549019607843138,46
120,-15.549738219895294,-68.75,1.0,0.0,,0,23,0.1600790513833992,103
121,-14.607329842931941,-68.75,1.0,27.443887378607215,,1,17,0.20915032679738563,64
122,-13.664921465968591,-68.75,1.0,137.36637551142263,,7,7,0.3409090909090909,22
123,-12.72251308900524,-68.75,1.0,73.19930575396972,,9,1,0.19642857142857142,1
124,-11.780104712041888,-68.75,1.0,69.99197790596145,,7,2,0.19047619047619047,3
125,-10.837696335078537,-68.75,1.0,96.91350797713582,,9,3,0.18888888888888888,5
126,-9.895287958115185,-68.75,1.0,102.85224654334934,,6,4,0.17857142857142858,9
127,-8.952879581151834,-68.75,1.0,112.70716902845895,,4,4,0.2,9
128,-8.010471204188482,-68.75,1.0,125.74916364136679,,4,4,0.2,9
129,-7.0680628272251305,-68.75,1.0,143.9798912195035,,5,6,0.2222222222222222,18
130,-6.12565445026178,-68.75,1.0,153.57748366972044,,5,6,0.2638888888888889,18
131,-5.183246073298429,-68.75,1.0,159.80529015248507,,6,6,0.23333333333333334,18
132,-4.2408376963350785,-68.75,1.0,169.39375919304808,,6,7,0.23636363636363636,24
133,-3.298429319371728,-68.75,1.0,173.5371302694863,,7,7,0.25,25
134,-2.356020942408377,-68.75,1.0,175.92217948794982,,8,8,0.24175824175824176,30
135,-1.4136125654450262,-68.75,1.0,175.94251984953073,,9,8,0.24285714285714285,30
136,-0.4712041884816754,-68.75,1.0,194.41958778993717,,11,8,0.23897058823529413,30
137,0.4712041884816754,-68.75,1.0,208.8471047414925,,13,9,0.24473684210526317,39
138,1.4136125654450262,-68.75,1.0,195.91930788132186,,8,9,0.2619047619047619,36
139,2.356020942408377,-68.75,1.0,214.71690688046277,,5,6,0.3055555555555556,19
140,-16.492146596858646,-67.5,1.0,0.0,,0,13,0.20512820512820512,45
141,-15.549738219895294,-67.5,1.0,91.20788014482017,,2,15,0.14285714285714285,48
142,-14.607329842931941,-67.5,1.0,66.46241842827298,,5,1,0.08333333333333333,1
143,-13.664921465968591,-67.5,1.0,39.370277487645794,,2,0,0.0,0
144,-12.72251308900524,-67.5,1.0,38.13386572743279,,0,0,0.0,0
145,-11.780104712041888,-67.5,1.0,75.57078495287303,,1,2,0.0,3
146,-10.837696335078537,-67.5,1.0,90.3895667959575,,3,3,0.0,5
147,-9.895287958115185,-67.5,1.0,84.86655993621497,,3,4,0.15,9
148,-8.952879581151834,-67.5,1.0,107.04261822739845,,4,4,0.2,9
149,-8.010471204188482,-67.5,1.0,123.12594119650812,,4,4,0.2,9
150,-7.0680628272251305,-67.5,1.0,139.2974390282586,,5,6,0.20833333333333334,18
151,-6.12565445026178,-67.5,1.0,146.11645958384764,,6,6,0.24444444444444444,18
152,-5.183246073298429,-67.5,1.0,159.56742285019004,,6,6,0.23333333333333334,18
153,-4.2408376963350785,-67.5,1.0,165.1746655696374,,6,7,0.23636363636363636,24
154,-3.298429319371728,-67.5,1.0,166.86025287166817,,7,7,0.25,25
155,-2.356020942408377,-67.5,1.0,173.59511401764175,,8,8,0.24175824175824176,30
156,-1.4136125654450262,-67.5,1.0,187.25943037144825,,8,9,0.23333333333333334,36
157,-0.4712041884816754,-67.5,1.0,194.66647092935597,,8,10,0.22916666666666666,43
158,0.4712041884816754,-67.5,1.0,195.2437605385886,,8,9,0.28095238095238095,40
159,1.4136125654450262,-67.5,1.0,204.37277696740827,,8,9,0.2619047619047619,34
160,2.356020942408377,-67.5,1.0,272.79169219317356,,6,5,0.3472222222222222,13
161,-18.376963350785346,-66.25,1.0,0.0,,0,0,0.0,0
162,-17.434554973821996,-66.25,1.0,0.0,,0,1,0.0,1
163,-16.492146596858646,-66.25,1.0,35.06708289798542,,0,12,0.06060606060606061,17
164,-15.549738219895294,-66.25,1.0,90.64211197164992,,4,1,0.0,1
165,-14.607329842931941,-66.25,1.0,58.92565208031438,,1,0,0.0,0
166,-13.664921465968591,-66.25,1.0,18.670508333803447,,0,0,0.0,0
167,-12.72251308900524,-66.25,1.0,0.0,,0,0,0.0,0
168,-11.780104712041888,-66.25,1.0,65.06130592259082,,1,2,0.0,3
169,-10.837696335078537,-66.25,1.0,86.47313571091186,,3,2,0.0,3
170,-9.895287958115185,-66.25,1.0,96.03789082041806,,3,4,0.15,9
171,-8.952879581151834,-66.25,1.0,102.77884651484392,,4,4,0.2,9
172,-8.010471204188482,-66.25,1.0,116.7112755063429,,4,4,0.2,9
173,-7.0680628272251305,-66.25,1.0,126.85227048142774,,5,5,0.23214285714285715,14
174,-6.12565445026178,-66.25,1.0,139.40149941806493,,6,6,0.23333333333333334,18
175,-5.183246073298429,-66.25,1.0,150.25982903545105,,6,7,0.22727272727272727,24
176,-4.2408376963350785,-66.25,1.0,147.6484789541261,,6,6,0.25555555555555554,18
177,-3.298429319371728,-66.25,1.0,162.56901449875383,,6,7,0.2727272727272727,25
178,-2.356020942408377,-66.25,1.0,175.65936561229947,,8,8,0.23626373626373626,29
179,-1.4136125654450262,-66.25,1.0,176.9334844273088,,8,7,0.2564102564102564,23
180,-0.4712041884816754,-66.25,1.0,189.07654526057394,,8,8,0.23076923076923078,26
181,0.4712041884816754,-66.25,1.0,181.16540907020016,,9,10,0.23897058823529413,44
182,1.4136125654450262,-66.25,1.0,143.92626143432258,,7,8,0.2948717948717949,27
183,2.356020942408377,-66.25,1.0,232.0808247938416,,8,4,0.3333333333333333,8
184,-18.376963350785346,-65.0,1.0,0.0,,0,0,0.0,0
185,-17.434554973821996,-65.0,1.0,26.089478311043827,,0,1,0.0,0
186,-16.492146596858646,-65.0,1.0,70.95348958205692,,2,0,0.0,0
187,-15.549738219895294,-65.0,1.0,70.74766454628329,,0,0,0.0,0
188,-14.607329842931941,-65.0,1.0,38.704355078718386,,0,0,0.0,0
189,-13.664921465968591,-65.0,1.0,14.613703425053854,,0,0,0.0,0
190,-12.72251308900524,-65.0,1.0,0.759784495704075,,0,1,0.0,1
191,-11.780104712041888,-65.0,1.0,83.91839878714782,,2,2,0.0,3
192,-10.837696335078537,-65.0,1.0,103.30098682097452,,2,2,0.0,3
193,-9.895287958115185,-65.0,1.0,104.77708764329093,,3,2,0.16666666666666666,3
194,-8.952879581151834,-65.0,1.0,104.45661701927546,,4,4,0.16666666666666666,9
195,-8.010471204188482,-65.0,1.0,114.14888831978726,,4,4,0.2,9
196,-7.0680628272251305,-65.0,1.0,124.5148659390783,,5,5,0.19642857142857142,13
197,-6.12565445026178,-65.0,1.0,133.14409083678416,,6,5,0.25,14
198,-5.183246073298429,-65.0,1.0,139.6950592532175,,6,6,0.24444444444444444,18
199,-4.2408376963350785,-65.0,1.0,137.15186987875825,,6,6,0.25555555555555554,18
200,-3.298429319371728,-65.0,1.0,148.7791740491335,,7,6,0.2545454545454545,18
201,-2.356020942408377,-65.0,1.0,167.2999674625953,,8,7,0.25,24
202,-1.4136125654450262,-65.0,1.0,172.99212058989005,,8,7,0.24358974358974358,22
203,-0.4712041884816754,-65.0,1.0,164.1459889388296,,8,4,0.3,9
204,0.4712041884816754,-65.0,1.0,175.24818147725279,,10,6,0.27472527472527475,18
205,1.4136125654450262,-65.0,1.0,191.38299192270324,,10,5,0.33974358974358976,15
206,-20.261780104712045,-63.75,1.0,107.4256454381164,,0,0,0.0,0
207,-19.319371727748695,-63.75,1.0,39.41216444949406,,0,0,0.0,0
208,-18.376963350785346,-63.75,1.0,61.95923638842896,,0,0,0.0,0
209,-17.434554973821996,-63.75,1.0,33.925826613631024,,0,0,0.0,0
210,-16.492146596858646,-63.75,1.0,56.02514588481862,,0,0,0.0,0
211,-15.549738219895294,-63.75,1.0,55.73291559585474,,0,0,0.0,0
212,-14.607329842931941,-63.75,1.0,66.27920364699507,,0,0,0.0,0
213,-13.664921465968591,-63.75,1.0,54.095895727807466,,0,0,0.0,0
214,-12.72251308900524,-63.75,1.0,74.51664337806821,,1,2,0.0,3
215,-11.780104712041888,-63.75,1.0,91.72975242145077,,2,2,0.0,3
216,-10.837696335078537,-63.75,1.0,99.00653473430086,,2,2,0.0,3
217,-9.895287958115185,-63.75,1.0,99.08369635132973,,2,3,0.16666666666666666,6
218,-8.952879581151834,-63.75,1.0,98.97146636405805,,3,4,0.2,9
219,-8.010471204188482,-63.75,1.0,112.94629093065723,,4,4,0.2,9
220,-7.0680628272251305,-63.75,1.0,119.84485717675989,,4,4,0.2,8
221,-6.12565445026178,-63.75,1.0,121.34407358652841,,6,4,0.21428571428571427,8
222,-5.183246073298429,-63.75,1.0,124.32802877512381,,6,5,0.2638888888888889,14
223,-4.2408376963350785,-63.75,1.0,126.89360680830164,,6,6,0.23333333333333334,17
224,-3.298429319371728,-63.75,1.0,137.32958395533964,,7,6,0.21818181818181817,16
225,-2.356020942408377,-63.75,1.0,154.07062006340993,,8,5,0.2727272727272727,14
226,-1.4136125654450262,-63.75,1.0,162.65503514442065,,8,6,0.25757575757575757,17
227,-0.4712041884816754,-63.75,1.0,142.20883571634667,,8,5,0.23636363636363636,12
228,0.4712041884816754,-63.75,1.0,127.56982221590374,,7,4,0.3194444444444444,9
229,1.4136125654450262,-63.75,1.0,154.2454241758366,,13,4,0.2904761904761905,10
230,3.298429319371728,-63.75,1.0,149.75553892903406,,4,2,0.5,3
231,-19.319371727748695,-62.5,1.0,0.0,,0,0,0.0,0
232,-18.376963350785346,-62.5,1.0,0.0,,0,0,0.0,0
233,-17.434554973821996,-62.5,1.0,0.0,,0,0,0.0,0
234,-16.492146596858646,-62.5,1.0,46.19640958150241,,0,0,0.0,0
235,-15.549738219895294,-62.5,1.0,65.01192368016495,,0,0,0.0,0
236,-14.607329842931941,-62.5,1.0,69.51768366083328,,0,0,0.0,0
237,-13.664921465968591,-62.5,1.0,74.00043837249419,,1,2,0.0,3
238,-12.72251308900524,-62.5,1.0,77.81401260204174,,2,1,0.0,1
239,-11.780104712041888,-62.5,1.0,90.84437401274548,,0,0,0.0,0
240,-10.837696335078537,-62.5,1.0,83.88928928984151,,0,0,0.0,0
241,-9.895287958115185,-62.5,1.0,122.57241445123485,,1,3,0.5,6
242,-8.952879581151834,-62.5,1.0,115.98055573826646,,4,4,0.16666666666666666,9
243,-8.010471204188482,-62.5,1.0,110.99001873493896,,4,4,0.16666666666666666,8
244,-7.0680628272251305,-62.5,1.0,110.27169319328152,,4,3,0.15,5
245,-6.12565445026178,-62.5,1.0,112.3792639204698,,4,3,0.15,5
246,-5.183246073298429,-62.5,1.0,116.38063074777615,,5,5,0.17857142857142858,11
247,-4.2408376963350785,-62.5,1.0,121.10664364940206,,7,5,0.2111111111111111,11
248,-3.298429319371728,-62.5,1.0,125.88439056345354,,6,5,0.20833333333333334,11
249,-2.356020942408377,-62.5,1.0,133.01046596305326,,8,5,0.22727272727272727,13
250,-1.4136125654450262,-62.5,1.0,154.0061420646658,,7,6,0.2545454545454545,18
251,-0.4712041884816754,-62.5,1.0,148.1881260043044,,7,6,0.22727272727272727,18
252,0.4712041884816754,-62.5,1.0,92.32370272566295,,3,6,0.23809523809523808,17
253,1.4136125654450262,-62.5,1.0,144.3845554376047,,11,4,0.26282051282051283,9
254,2.356020942408377,-62.5,1.0,141.81682035333807,,13,2,0.2948717948717949,3
255,3.298429319371728,-62.5,1.0,120.61337439807221,,7,1,0.3333333333333333,1
256,-18.376963350785346,-61.25,1.0,0.0,,0,0,0.0,0
257,-17.434554973821996,-61.25,1.0,2.198074309528332,,0,0,0.0,0
258,-16.492146596858646,-61.25,1.0,40.79024652510899,,0,0,0.0,0
259,-15.549738219895294,-61.25,1.0,50.5100171862019,,0,0,0.0,0
260,-14.607329842931941,-61.25,1.0,59.5326296211281,,0,0,0.0,0
261,-13.664921465968591,-61.25,1.0,75.30175625704237,,1,1,0.0,1
262,-12.72251308900524,-61.25,1.0,47.06512516748948,,0,0,0.0,0
263,-11.780104712041888,-61.25,1.0,108.08430325991877,,1,2,0.0,3
264,-10.837696335078537,-61.25,1.0,111.1917967744968,,2,2,0.0,3
265,-9.895287958115185,-61.25,1.0,103.20402740749668,,2,2,0.0,3
266,-8.952879581151834,-61.25,1.0,109.89167944134738,,4,3,0.1,5
267,-8.010471204188482,-61.25,1.0,102.63246153371469,,4,2,0.16666666666666666,3
268,-7.0680628272251305,-61.25,1.0,101.42373099123756,,3,2,0.16666666666666666,3
269,-6.12565445026178,-61.25,1.0,103.72199989946023,,3,2,0.0,3
270,-5.183246073298429,-61.25,1.0,104.17943657255196,,3,2,0.0,3
271,-4.2408376963350785,-61.25,1.0,94.75274904044274,,5,2,0.3,3
272,-3.298429319371728,-61.25,1.0,102.52175569037429,,5,2,0.3,3
273,-2.356020942408377,-61.25,1.0,101.46330148399647,,4,3,0.25,5
274,-1.4136125654450262,-61.25,1.0,133.192007204825,,7,5,0.2,12
275,-0.4712041884816754,-61.25,1.0,142.63455726322806,,6,6,0.2222222222222222,18
276,0.4712041884816754,-61.25,1.0,136.10908727840956,,6,5,0.19444444444444445,12
277,1.4136125654450262,-61.25,1.0,124.5602828297563,,7,4,0.19444444444444445,9
278,2.356020942408377,-61.25,1.0,114.21773716278511,,9,2,0.3055555555555556,3
279,3.298429319371728,-61.25,1.0,15.718007914309704,,0,0,0.0,0
280,4.2408376963350785,-61.25,1.0,11.942662691570881,,0,0,0.0,0
281,-15.549738219895294,-60.0,1.0,0.0,,0,0,0.0,0
282,-14.607329842931941,-60.0,1.0,31.947890528176305,,0,0,0.0,0
283,-13.664921465968591,-60.0,1.0,55.156580079312015,,0,0,0.0,0
284,-12.72251308900524,-60.0,1.0,87.51256195893247,,1,1,0.0,1
285,-11.780104712041888,-60.0,1.0,87.78406111232938,,1,1,0.0,1
286,-10.837696335078537,-60.0,1.0,86.45174819173101,,1,1,0.0,1
287,-9.895287958115185,-60.0,1.0,85.21207106815477,,1,3,0.0,5
288,-8.952879581151834,-60.0,1.0,90.06288891033465,,3,3,0.08333333333333333,6
289,-8.010471204188482,-60.0,1.0,,,0,2,0.0,2
290,-7.0680628272251305,-60.0,1.0,91.58202669339653,,3,2,0.0,3
291,-6.12565445026178,-60.0,1.0,92.27021298310333,,2,2,0.0,3
292,-5.183246073298429,-60.0,1.0,90.54805228456493,,2,2,0.0,3
293,-4.2408376963350785,-60.0,1.0,79.02958933392264,,3,2,0.16666666666666666,3
294,-3.298429319371728,-60.0,1.0,91.27761394878796,,3,2,0.16666666666666666,3
295,-2.356020942408377,-60.0,1.0,90.04535506640124,,3,2,0.16666666666666666,3
296,-1.4136125654450262,-60.0,1.0,106.26061051915781,,4,4,0.23333333333333334,8
297,-0.4712041884816754,-60.0,1.0,129.26226362589836,,6,5,0.19444444444444445,12
298,0.4712041884816754,-60.0,1.0,123.43601243076778,,6,4,0.23214285714285715,8
299,1.4136125654450262,-60.0,1.0,112.36627897776577,,5,2,0.3,3
300,2.356020942408377,-60.0,1.0,89.88296476473656,,4,1,0.3333333333333333,1
301,3.298429319371728,-60.0,1.0,25.670254687145434,,0,0,0.0,0
302,4.2408376963350785,-60.0,1.0,22.72148651281944,,0,0,0.0,0
303,5.183246073298429,-60.0,1.0,41.84067609067617,,0,0,0.0,0
304,-13.664921465968591,-58.75,1.0,0.0,,0,0,0.0,0
305,-12.72251308900524,-58.75,1.0,48.27057547989813,,0,0,0.0,0
306,-11.780104712041888,-58.75,1.0,73.36786351044745,,1,1,0.0,1
307,-10.837696335078537,-58.75,1.0,77.26684665222903,,1,2,0.0,3
308,-9.895287958115185,-58.75,1.0,89.08039029694254,,3,3,0.08333333333333333,6
309,-8.952879581151834,-58.75,1.0,91.55473366005394,,3,4,0.15,8
310,-8.010471204188482,-58.75,1.0,90.97091698935309,,4,2,0.16666666666666666,3
311,-7.0680628272251305,-58.75,1.0,85.79582897824024,,3,2,0.0,3
312,-6.12565445026178,-58.75,1.0,87.09105658315276,,2,2,0.0,3
313,-5.183246073298429,-58.75,1.0,79.86829965572066,,2,2,0.0,3
314,-4.2408376963350785,-58.75,1.0,68.3461217144663,,2,1,0.0,1
315,-3.298429319371728,-58.75,1.0,74.50392116827875,,2,2,0.0,3
316,-2.356020942408377,-58.75,1.0,67.8089134073474,,2,1,0.0,1
317,-1.4136125654450262,-58.75,1.0,81.9828190820054,,3,3,0.25,5
318,-0.4712041884816754,-58.75,1.0,105.27682947703329,,3,5,0.2,11
319,0.4712041884816754,-58.75,1.0,107.87884206674637,,6,3,0.21428571428571427,5
320,-13.664921465968591,-57.5,1.0,57.75974386133232,,0,0,0.0,0
321,-12.72251308900524,-57.5,1.0,67.46296538415235,,0,0,0.0,0
322,-11.780104712041888,-57.5,1.0,63.742975624316365,,0,0,0.0,0
323,-10.837696335078537,-57.5,1.0,65.92680281886226,,1,1,0.0,1
324,-9.895287958115185,-57.5,1.0,74.11788888699252,,1,1,0.0,1
325,-8.952879581151834,-57.5,1.0,93.7096031827484,,3,2,0.16666666666666666,3
326,-8.010471204188482,-57.5,1.0,96.37422833851211,,3,1,0.5,1
327,-7.0680628272251305,-57.5,1.0,87.71369149943767,,2,1,0.0,1
328,-6.12565445026178,-57.5,1.0,85.9883264281997,,2,1,0.0,1
329,-5.183246073298429,-57.5,1.0,67.31487474154149,,2,1,0.0,1
330,-4.2408376963350785,-57.5,1.0,49.44089720745672,,1,1,0.0,1
331,-3.298429319371728,-57.5,1.0,47.500867387577316,,2,1,0.0,1
332,-2.356020942408377,-57.5,1.0,36.5428935990963,,0,0,0.0,0
333,-1.4136125654450262,-57.5,1.0,60.714260095965855,,3,2,0.3333333333333333,2
334,-0.4712041884816754,-57.5,1.0,78.8736117551197,,3,2,0.3333333333333333,3
335,0.4712041884816754,-57.5,1.0,73.69491068776578,,4,2,0.16666666666666666,2
336,1.4136125654450262,-57.5,1.0,60.83980221288168,,2,2,0.0,2
337,-13.664921465968591,-56.25,1.0,70.47640168512753,,0,0,0.0,0
338,-12.72251308900524,-56.25,1.0,37.23176325893131,,0,0,0.0,0
339,-11.780104712041888,-56.25,1.0,53.9513746959649,,0,0,0.0,0
340,-10.837696335078537,-56.25,1.0,50.9540104824755,,1,1,0.0,1
341,-9.895287958115185,-56.25,1.0,47.74649741872775,,1,1,0.0,1
342,-8.952879581151834,-56.25,1.0,78.55632197934503,,2,1,0.0,1
343,-8.010471204188482,-56.25,1.0,73.45155861382268,,1,1,0.0,1
344,-7.0680628272251305,-56.25,1.0,67.46683639129665,,1,1,0.0,1
345,-6.12565445026178,-56.25,1.0,62.77197537181898,,0,0,0.0,0
346,-5.183246073298429,-56.25,1.0,49.28831981955538,,1,1,0.0,1
347,-4.2408376963350785,-56.25,1.0,34.955149473828655,,0,0,0.0,0
348,-3.298429319371728,-56.25,1.0,29.0180168843405,,0,0,0.0,0
349,-2.356020942408377,-56.25,1.0,27.09390547104522,,0,0,0.0,0
350,-1.4136125654450262,-56.25,1.0,37.24544166689999,,2,0,0.5,0
351,-0.4712041884816754,-56.25,1.0,40.65558922019465,,3,1,0.5,1
352,0.4712041884816754,-56.25,1.0,31.2009898682884,,1,0,0.0,0
353,1.4136125654450262,-56.25,1.0,29.66913820265147,,1,0,0.0,0
354,-14.607329842931941,-55.0,1.0,0.0,,0,0,0.0,0
355,-13.664921465968591,-55.0,1.0,26.592424638665666,,0,0,0.0,0
356,-12.72251308900524,-55.0,1.0,50.00837835320203,,0,0,0.0,0
357,-11.780104712041888,-55.0,1.0,47.25340323820975,,0,0,0.0,0
358,-10.837696335078537,-55.0,1.0,36.37101515574227,,0,0,0.0,0
359,-9.895287958115185,-55.0,1.0,37.01463788372332,,0,0,0.0,0
360,-8.952879581151834,-55.0,1.0,53.991686504767664,,0,0,0.0,0
361,-8.010471204188482,-55.0,1.0,48.71467534174775,,0,0,0.0,0
362,-7.0680628272251305,-55.0,1.0,44.55421574690124,,0,0,0.0,0
363,-6.12565445026178,-55.0,1.0,43.53245565093862,,0,0,0.0,0
364,-5.183246073298429,-55.0,1.0,36.06702178865432,,0,0,0.0,0
365,-4.2408376963350785,-55.0,1.0,24.784305653917492,,0,0,0.0,0
366,-3.298429319371728,-55.0,1.0,19.18127961329166,,0,0,0.0,0
367,-2.356020942408377,-55.0,1.0,15.142676694554497,,0,0,0.0,0
368,-1.4136125654450262,-55.0,1.0,16.03307268029576,,0,0,0.0,0
369,-0.4712041884816754,-55.0,1.0,16.327601572778132,,0,0,0.0,0
370,0.4712041884816754,-55.0,1.0,12.875980819831279,,0,0,0.0,0
371,1.4136125654450262,-55.0,1.0,13.103535186304626,,0,0,0.0,0
372,2.356020942408377,-55.0,1.0,14.178422469234352,,0,0,0.0,0
373,-14.607329842931941,-53.75,1.0,0.0,,0,0,0.0,0
374,-13.664921465968591,-53.75,1.0,0.0,,0,0,0.0,0
375,-12.72251308900524,-53.75,1.0,43.34532187681058,,0,0,0.0,0
376,-11.780104712041888,-53.75,1.0,42.716517158264764,,0,0,0.0,0
377,-10.837696335078537,-53.75,1.0,49.31727072384324,,1,1,0.0,1
378,-9.895287958115185,-53.75,1.0,46.03701793212313,,1,1,0.0,1
379,-8.952879581151834,-53.75,1.0,39.556009258382275,,0,0,0.0,0
380,-8.010471204188482,-53.75,1.0,36.87044570725935,,0,0,0.0,0
381,-7.0680628272251305,-53.75,1.0,34.033512097608934,,0,0,0.0,0
382,-6.12565445026178,-53.75,1.0,32.673743654559594,,0,0,0.0,0
383,-5.183246073298429,-53.75,1.0,26.232216344219836,,0,0,0.0,0
384,-4.2408376963350785,-53.75,1.0,18.943901546841197,,0,0,0.0,0
385,-3.298429319371728,-53.75,1.0,14.752293331091556,,0,0,0.0,0
386,-2.356020942408377,-53.75,1.0,15.649634252001613,,0,0,0.0,0
387,-1.4136125654450262,-53.75,1.0,13.666971064639688,,0,0,0.0,0
388,-0.4712041884816754,-53.75,1.0,10.397204554269637,,0,0,0.0,0
389,0.4712041884816754,-53.75,1.0,7.941542363375487,,0,0,0.0,0
390,1.4136125654450262,-53.75,1.0,7.903166349414209,,0,0,0.0,0
391,2.356020942408377,-53.75,1.0,9.067195675481521,,0,0,0.0,0
392,-13.664921465968591,-52.5,1.0,0.0,,0,0,0.0,0
393,-12.72251308900524,-52.5,1.0,20.887057918315172,,0,0,0.0,0
394,-11.780104712041888,-52.5,1.0,38.470194582389475,,0,0,0.0,0
395,-10.837696335078537,-52.5,1.0,31.820431560811777,,0,0,0.0,0
396,-9.895287958115185,-52.5,1.0,38.84742872722871,,0,0,0.0,0
397,-8.952879581151834,-52.5,1.0,32.4892193764858,,0,0,0.0,0
398,-8.010471204188482,-52.5,1.0,29.222751177806355,,0,0,0.0,0
399,-7.0680628272251305,-52.5,1.0,29.21638304537554,,0,0,0.0,0
400,-6.12565445026178,-52.5,1.0,24.2972491695656,,0,0,0.0,0
401,-5.183246073298429,-52.5,1.0,18.34620162606119,,0,0,0.0,0
402,-4.2408376963350785,-52.5,1.0,15.09236511409001,,0,0,0.0,0
403,-3.298429319371728,-52.5,1.0,12.372794098317797,,0,0,0.0,0
404,-2.356020942408377,-52.5,1.0,12.07359103732128,,0,0,0.0,0
405,-1.4136125654450262,-52.5,1.0,10.722761380636264,,0,0,0.0,0
406,-0.4712041884816754,-52.5,1.0,9.45109978460285,,0,0,0.0,0
407,0.4712041884816754,-52.5,1.0,6.63379625874159,,0,0,0.0,0
408,-8.952879581151834,-51.25,1.0,26.629246182880323,,0,0,0.0,0
409,-8.010471204188482,-51.25,1.0,23.53844603338778,,0,0,0.0,0
410,-7.0680628272251305,-51.25,1.0,21.017831901126044,,0,0,0.0,0
411,-5.183246073298429,-51.25,1.0,12.369709847242651,,0,0,0.0,0
412,-4.2408376963350785,-51.25,1.0,12.00283040449782,,0,0,0.0,0
413,-3.298429319371728,-51.25,1.0,10.978007533619671,,0,0,0.0,0
414,-2.356020942408377,-51.25,1.0,9.76687716316061,,0,0,0.0,0
415,-3.298429319371728,-50.0,1.0,8.704119550386821,,0,0,0.0,0
0,-6.12565445026178,-78.75,1.14,0.0,,0,1,0.0,1
1,-5.183246073298429,-78.75,1.14,21.570978872111237,,0,3,0.3333333333333333,5
2,-4.2408376963350785,-78.75,1.14,85.29918838003914,,2,5,0.3,14
3,-3.298429319371728,-78.75,1.14,51.6578332786295,,1,5,0.4166666666666667,14
4,-2.356020942408377,-78.75,1.14,14.288974701127593,,0,7,0.4523809523809524,26
5,-1.4136125654450262,-78.75,1.14,10.830361405360172,,0,7,0.5714285714285714,31
6,-8.952879581151834,-77.5,1.14,0.0,,0,16,0.2,64
7,-8.010471204188482,-77.5,1.14,46.2825084833965,,2,9,0.3333333333333333,33
8,-7.0680628272251305,-77.5,1.14,60.78032042244872,,3,8,0.2777777777777778,26
9,-6.12565445026178,-77.5,1.14,62.231377771893506,,2,9,0.2638888888888889,32
10,-5.183246073298429,-77.5,1.14,104.30072601445048,,5,4,0.21428571428571427,10
11,-4.2408376963350785,-77.5,1.14,121.02520519700451,,5,5,0.21428571428571427,12
12,-3.298429319371728,-77.5,1.14,134.8584378452924,,5,6,0.2361111111111111,19
13,-2.356020942408377,-77.5,1.14,83.64099525210523,,4,7,0.3472222222222222,28
14,-1.4136125654450262,-77.5,1.14,141.90114435618523,,5,11,0.34444444444444444,59
15,-0.4712041884816754,-77.5,1.14,139.50004107052928,,5,22,0.2441077441077441,153
16,0.4712041884816754,-77.5,1.14,114.57574426981272,,3,18,0.3076923076923077,116
17,-10.837696335078537,-76.25,1.14,0.0,,0,7,0.30952380952380953,20
18,-9.895287958115185,-76.25,1.14,7.792280084341199,,0,8,0.30357142857142855,25
19,-8.952879581151834,-76.25,1.14,102.65201233387799,,4,15,0.17647058823529413,54
20,-8.010471204188482,-76.25,1.14,104.57062222388909,,6,7,0.3090909090909091,20
21,-7.0680628272251305,-76.25,1.14,112.29417139339134,,9,4,0.3090909090909091,9
22,-6.12565445026178,-76.25,1.14,114.06553638093001,,10,3,0.2545454545454545,5
23,-5.183246073298429,-76.25,1.14,121.00350500022037,,7,4,0.24285714285714285,11
24,-4.2408376963350785,-76.25,1.14,129.6732086912378,,6,5,0.24285714285714285,14
25,-3.298429319371728,-76.25,1.14,141.64688037752214,,6,5,0.20833333333333334,13
26,-2.356020942408377,-76.25,1.14,146.50292147843564,,9,6,0.2987012987012987,22
27,-1.4136125654450262,-76.25,1.14,155.18166535010693,,9,7,0.34269662921348315,32
28,-0.4712041884816754,-76.25,1.14,178.29737975304624,,11,7,0.38461538461538464,32
29,0.4712041884816754,-76.25,1.14,194.64588701676473,,8,8,0.42045454545454547,36
30,1.4136125654450262,-76.25,1.14,141.8259474711553,,4,7,0.4142857142857143,25
31,-13.664921465968591,-75.0,1.14,0.0,,0,0,0.0,0
32,-12.72251308900524,-75.0,1.14,0.0,,0,3,0.5,6
33,-11.780104712041888,-75.0,1.14,21.181466843518898,,0,7,0.35714285714285715,22
34,-10.837696335078537,-75.0,1.14,145.20499715264188,,4,19,0.10476190476190476,69
35,-9.895287958115185,-75.0,1.14,140.49493809897075,,8,7,0.23717948717948717,19
36,-8.952879581151834,-75.0,1.14,93.77133975283594,,11,3,0.22727272727272727,5
37,-8.010471204188482,-75.0,1.14,81.99454310256435,,13,3,0.23076923076923078,5
38,-7.0680628272251305,-75.0,1.14,94.1879487306838,,12,3,0.2564102564102564,5
39,-6.12565445026178,-75.0,1.14,118.89243770801258,,12,4,0.21978021978021978,9
40,-5.183246073298429,-75.0,1.14,147.45065597963344,,8,5,0.16666666666666666,14
41,-4.2408376963350785,-75.0,1.14,162.27027482453087,,7,8,0.19078947368421054,29
42,-3.298429319371728,-75.0,1.14,174.83555366166001,,5,10,0.17532467532467533,38
43,-2.356020942408377,-75.0,1.14,187.16714825886697,,8,11,0.17777777777777778,41
44,-1.4136125654450262,-75.0,1.14,195.60074839117362,,10,15,0.21428571428571427,69
45,-0.4712041884816754,-75.0,1.14,201.75317914196972,,11,13,0.2663755458515284,58
46,0.4712041884816754,-75.0,1.14,150.23127018978283,,10,5,0.40384615384615385,13
47,1.4136125654450262,-75.0,1.14,140.7131561562344,,7,3,0.44642857142857145,6
48,2.356020942408377,-75.0,1.14,103.99389517490678,,3,2,0.5,3
49,-14.607329842931941,-73.75,1.14,2.6504722768943885,,0,0,0.0,0
50,-13.664921465968591,-73.75,1.14,0.0,,0,2,0.5,3
51,-12.72251308900524,-73.75,1.14,39.57166997043159,,0,10,0.24444444444444444,32
52,-11.780104712041888,-73.75,1.14,66.71404156011585,,3,19,0.11842105263157894,72
53,-10.837696335078537,-73.75,1.14,93.9333542149178,,12,3,0.17307692307692307,6
54,-9.895287958115185,-73.75,1.14,82.93391961198414,,13,2,0.1987179487179487,3
55,-8.952879581151834,-73.75,1.14,84.78683614950785,,15,4,0.20220588235294118,9
56,-8.010471204188482,-73.75,1.14,101.82229346475968,,12,4,0.1813186813186813,9
57,-7.0680628272251305,-73.75,1.14,126.22150122482772,,8,5,0.17272727272727273,12
58,-6.12565445026178,-73.75,1.14,147.61242246588523,,7,5,0.15555555555555556,12
59,-5.183246073298429,-73.75,1.14,157.90382694988153,,5,6,0.2222222222222222,18
60,-4.2408376963350785,-73.75,1.14,162.27284470185623,,5,6,0.2916666666666667,18
61,-3.298429319371728,-73.75,1.14,160.81869326755168,,5,6,0.3055555555555556,18
62,-2.356020942408377,-73.75,1.14,177.6180443974613,,5,7,0.2777777777777778,24
63,-1.4136125654450262,-73.75,1.14,166.70311724768456,,6,9,0.2564102564102564,35
64,-0.4712041884816754,-73.75,1.14,174.24203594411895,,8,9,0.3047619047619048,34
65,0.4712041884816754,-73.75,1.14,190.36255014151573,,10,6,0.3516483516483517,16
66,1.4136125654450262,-73.75,1.14,174.1730674327398,,12,2,0.38636363636363635,3
67,-14.607329842931941,-72.5,1.14,0.0,,0,0,0.0,0
68,-13.664921465968591,-72.5,1.14,0.0,,0,8,0.2857142857142857,24
69,-12.72251308900524,-72.5,1.14,11.71798972632424,,0,11,0.22727272727272727,36
70,-11.780104712041888,-72.5,1.14,105.57644297599681,,10,4,0.25757575757575757,10
71,-10.837696335078537,-72.5,1.14,95.40301628113725,,16,3,0.2462686567164179,8
72,-9.895287958115185,-72.5,1.14,97.87700683727905,,12,6,0.25210084033613445,15
73,-8.952879581151834,-72.5,1.14,103.81349955551977,,9,5,0.1893939393939394,12
74,-8.010471204188482,-72.5,1.14,115.80573308707542,,10,4,0.18181818181818182,9
75,-7.0680628272251305,-72.5,1.14,125.70646924050467,,5,4,0.19047619047619047,9
76,-6.12565445026178,-72.5,1.14,148.8902452253089,,4,4,0.23333333333333334,9
77,-5.183246073298429,-72.5,1.14,168.28986034902812,,5,6,0.19444444444444445,18
78,-4.2408376963350785,-72.5,1.14,182.38528898017535,,5,6,0.25,18
79,-3.298429319371728,-72.5,1.14,177.687361250575,,6,6,0.26666666666666666,18
80,-2.356020942408377,-72.5,1.14,183.89197814443264,,6,7,0.2545454545454545,24
81,-1.4136125654450262,-72.5,1.14,157.41221111283957,,6,8,0.25757575757575757,30
82,-0.4712041884816754,-72.5,1.14,160.35795744227312,,8,8,0.3241758241758242,30
83,0.4712041884816754,-72.5,1.14,167.89461696933932,,9,8,0.2761904761904762,29
84,1.4136125654450262,-72.5,1.14,151.24543918426815,,9,3,0.3111111111111111,6
85,-14.607329842931941,-71.25,1.14,0.0,,0,7,0.2619047619047619,18
86,-13.664921465968591,-71.25,1.14,0.0,,0,14,0.1813186813186813,47
87,-12.72251308900524,-71.25,1.14,141.8397740578785,,8,17,0.191699604743083,62
88,-11.780104712041888,-71.25,1.14,108.41751204866151,,15,3,0.225,7
89,-10.837696335078537,-71.25,1.14,91.21182755484182,,14,4,0.2647058823529412,11
90,-9.895287958115185,-71.25,1.14,101.54602831339797,,8,5,0.24545454545454545,12
91,-8.952879581151834,-71.25,1.14,114.77046576084986,,7,4,0.25,9
92,-8.010471204188482,-71.25,1.14,126.27020749479775,,5,4,0.16666666666666666,9
93,-7.0680628272251305,-71.25,1.14,137.7766542952117,,5,4,0.16666666666666666,9
94,-6.12565445026178,-71.25,1.14,159.2099053245188,,5,4,0.16666666666666666,9
95,-5.183246073298429,-71.25,1.14,172.39330094914925,,5,6,0.20833333333333334,18
96,-4.2408376963350785,-71.25,1.14,176.4396499697274,,6,6,0.23333333333333334,18
97,-3.298429319371728,-71.25,1.14,185.79862687901823,,7,6,0.21818181818181817,18
98,-2.356020942408377,-71.25,1.14,183.21856538417705,,7,7,0.22727272727272727,24
99,-1.4136125654450262,-71.25,1.14,155.48996675192387,,6,6,0.2777777777777778,18
100,-0.4712041884816754,-71.25,1.14,163.9352900346405,,9,7,0.26373626373626374,22
101,0.4712041884816754,-71.25,1.14,182.91027231081034,,10,8,0.24583333333333332,30
102,1.4136125654450262,-71.25,1.14,123.87491901764473,,4,6,0.30357142857142855,20
103,-13.664921465968591,-70.0,1.14,46.88106821317175,,0,16,0.16666666666666666,56
104,-12.72251308900524,-70.0,1.14,128.23017551122766,,10,4,0.2878787878787879,8
105,-11.780104712041888,-70.0,1.14,74.55192607410658,,11,2,0.24545454545454545,3
106,-10.837696335078537,-70.0,1.14,90.58041053440328,,9,2,0.2916666666666667,3
107,-9.895287958115185,-70.0,1.14,105.87558296059788,,7,4,0.2361111111111111,9
108,-8.952879581151834,-70.0,1.14,116.8771500476801,,5,4,0.21428571428571427,9
109,-8.010471204188482,-70.0,1.14,131.66381236152122,,4,4,0.2,9
110,-7.0680628272251305,-70.0,1.14,144.3311619167344,,4,4,0.2,9
111,-6.12565445026178,-70.0,1.14,158.99225838297622,,4,6,0.19642857142857142,18
112,-5.183246073298429,-70.0,1.14,167.3139285548605,,5,6,0.20833333333333334,17
113,-4.2408376963350785,-70.0,1.14,168.64010028647328,,6,5,0.25,14
114,-3.298429319371728,-70.0,1.14,182.69108138597744,,6,6,0.23333333333333334,18
115,-2.356020942408377,-70.0,1.14,177.74451540203466,,6,6,0.25555555555555554,18
116,-1.4136125654450262,-70.0,1.14,168.39372068378105,,7,6,0.2545454545454545,18
117,-0.4712041884816754,-70.0,1.14,184.25671692665514,,10,7,0.22380952380952382,22
118,0.4712041884816754,-70.0,1.14,200.3307770209433,,11,8,0.22058823529411764,30
119,1.4136125654450262,-70.0,1.14,183.5839682216703,,6,7,0.2545454545454545,24
120,-15.549738219895294,-68.75,1.14,0.0,,0,22,0.1277056277056277,79
121,-14.607329842931941,-68.75,1.14,27.443887378607215,,1,13,0.21428571428571427,39
122,-13.664921465968591,-68.75,1.14,137.36637551142263,,7,7,0.29545454545454547,18
123,-12.72251308900524,-68.75,1.14,73.19930575396972,,8,1,0.19047619047619047,1
124,-11.780104712041888,-68.75,1.14,69.99197790596145,,6,2,0.13333333333333333,3
125,-10.837696335078537,-68.75,1.14,96.91350797713582,,5,2,0.25,3
126,-9.895287958115185,-68.75,1.14,102.85224654334934,,4,2,0.25,3
127,-8.952879581151834,-68.75,1.14,112.70716902845895,,4,4,0.16666666666666666,9
128,-8.010471204188482,-68.75,1.14,125.74916364136679,,4,4,0.2,9
129,-7.0680628272251305,-68.75,1.14,143.9798912195035,,4,4,0.2,9
130,-6.12565445026178,-68.75,1.14,153.57748366972044,,4,6,0.23214285714285715,18
131,-5.183246073298429,-68.75,1.14,159.80529015248507,,5,5,0.23214285714285715,12
132,-4.2408376963350785,-68.75,1.14,169.39375919304808,,6,6,0.2111111111111111,18
133,-3.298429319371728,-68.75,1.14,173.5371302694863,,6,6,0.23333333333333334,18
134,-2.356020942408377,-68.75,1.14,175.92217948794982,,6,6,0.24444444444444444,18
135,-1.4136125654450262,-68.75,1.14,175.94251984953073,,7,7,0.23484848484848486,25
136,-0.4712041884816754,-68.75,1.14,194.41958778993717,,8,8,0.21978021978021978,30
137,0.4712041884816754,-68.75,1.14,208.8471047414925,,9,8,0.22380952380952382,30
138,1.4136125654450262,-68.75,1.14,195.91930788132186,,7,8,0.2564102564102564,30
139,2.356020942408377,-68.75,1.14,214.71690688046277,,4,6,0.30357142857142855,19
140,-16.492146596858646,-67.5,1.14,0.0,,0,9,0.2638888888888889,27
141,-15.549738219895294,-67.5,1.14,91.20788014482017,,2,11,0.18181818181818182,32
142,-14.607329842931941,-67.5,1.14,66.46241842827298,,4,0,0.08333333333333333,0
143,-13.664921465968591,-67.5,1.14,39.370277487645794,,0,0,0.0,0
144,-12.72251308900524,-67.5,1.14,38.13386572743279,,0,0,0.0,0
145,-11.780104712041888,-67.5,1.14,75.57078495287303,,1,2,0.0,3
146,-10.837696335078537,-67.5,1.14,90.3895667959575,,2,2,0.0,3
147,-9.895287958115185,-67.5,1.14,84.86655993621497,,2,3,0.0,5
148,-8.952879581151834,-67.5,1.14,107.04261822739845,,3,4,0.15,9
149,-8.010471204188482,-67.5,1.14,123.12594119650812,,4,4,0.2,9
150,-7.0680628272251305,-67.5,1.14,139.2974390282586,,4,4,0.2,9
151,-6.12565445026178,-67.5,1.14,146.11645958384764,,5,5,0.23214285714285715,14
152,-5.183246073298429,-67.5,1.14,159.56742285019004,,6,6,0.2222222222222222,18
153,-4.2408376963350785,-67.5,1.14,165.1746655696374,,5,6,0.2361111111111111,18
154,-3.298429319371728,-67.5,1.14,166.86025287166817,,6,6,0.2222222222222222,18
155,-2.356020942408377,-67.5,1.14,173.59511401764175,,6,6,0.23333333333333334,18
156,-1.4136125654450262,-67.5,1.14,187.25943037144825,,7,7,0.22727272727272727,24
157,-0.4712041884816754,-67.5,1.14,194.66647092935597,,7,7,0.23484848484848486,24
158,0.4712041884816754,-67.5,1.14,195.2437605385886,,7,8,0.23717948717948717,30
159,1.4136125654450262,-67.5,1.14,204.37277696740827,,8,7,0.2564102564102564,23
160,2.356020942408377,-67.5,1.14,272.79169219317356,,6,5,0.3055555555555556,13
161,-18.376963350785346,-66.25,1.14,0.0,,0,0,0.0,0
162,-17.434554973821996,-66.25,1.14,0.0,,0,0,0.0,0
163,-16.492146596858646,-66.25,1.14,35.06708289798542,,0,6,0.06666666666666667,7
164,-15.549738219895294,-66.25,1.14,90.64211197164992,,2,1,0.0,1
165,-14.607329842931941,-66.25,1.14,58.92565208031438,,0,0,0.0,0
166,-13.664921465968591,-66.25,1.14,18.670508333803447,,0,0,0.0,0
167,-12.72251308900524,-66.25,1.14,0.0,,0,0,0.0,0
168,-11.780104712041888,-66.25,1.14,65.06130592259082,,1,2,0.0,3
169,-10.837696335078537,-66.25,1.14,86.47313571091186,,2,2,0.0,3
170,-9.895287958115185,-66.25,1.14,96.03789082041806,,3,3,0.0,5
171,-8.952879581151834,-66.25,1.14,102.77884651484392,,3,4,0.15,9
172,-8.010471204188482,-66.25,1.14,116.7112755063429,,4,4,0.2,9
173,-7.0680628272251305,-66.25,1.14,126.85227048142774,,4,4,0.2,9
174,-6.12565445026178,-66.25,1.14,139.40149941806493,,5,5,0.19642857142857142,13
175,-5.183246073298429,-66.25,1.14,150.25982903545105,,6,5,0.2361111111111111,14
176,-4.2408376963350785,-66.25,1.14,147.6484789541261,,5,6,0.2361111111111111,18
177,-3.298429319371728,-66.25,1.14,162.56901449875383,,6,6,0.23333333333333334,18
178,-2.356020942408377,-66.25,1.14,175.65936561229947,,6,7,0.22727272727272727,24
179,-1.4136125654450262,-66.25,1.14,176.9334844273088,,6,7,0.23636363636363636,23
180,-0.4712041884816754,-66.25,1.14,189.07654526057394,,7,6,0.2545454545454545,18
181,0.4712041884816754,-66.25,1.14,181.16540907020016,,7,8,0.23717948717948717,29
182,1.4136125654450262,-66.25,1.14,143.92626143432258,,5,7,0.25555555555555554,21
183,2.356020942408377,-66.25,1.14,232.0808247938416,,7,4,0.3055555555555556,8
184,-18.376963350785346,-65.0,1.14,0.0,,0,0,0.0,0
185,-17.434554973821996,-65.0,1.14,26.089478311043827,,0,1,0.0,0
186,-16.492146596858646,-65.0,1.14,70.95348958205692,,1,0,0.0,0
187,-15.549738219895294,-65.0,1.14,70.74766454628329,,0,0,0.0,0
188,-14.607329842931941,-65.0,1.14,38.704355078718386,,0,0,0.0,0
189,-13.664921465968591,-65.0,1.14,14.613703425053854,,0,0,0.0,0
190,-12.72251308900524,-65.0,1.14,0.759784495704075,,0,0,0.0,0
191,-11.780104712041888,-65.0,1.14,83.91839878714782,,1,2,0.0,3
192,-10.837696335078537,-65.0,1.14,103.30098682097452,,2,2,0.0,3
193,-9.895287958115185,-65.0,1.14,104.77708764329093,,3,2,0.0,3
194,-8.952879581151834,-65.0,1.14,104.45661701927546,,3,2,0.16666666666666666,3
195,-8.010471204188482,-65.0,1.14,114.14888831978726,,4,4,0.16666666666666666,9
196,-7.0680628272251305,-65.0,1.14,124.5148659390783,,4,4,0.16666666666666666,8
197,-6.12565445026178,-65.0,1.14,133.14409083678416,,4,5,0.19047619047619047,12
198,-5.183246073298429,-65.0,1.14,139.6950592532175,,6,5,0.2222222222222222,14
199,-4.2408376963350785,-65.0,1.14,137.15186987875825,,6,6,0.2222222222222222,17
200,-3.298429319371728,-65.0,1.14,148.7791740491335,,6,5,0.25,14
201,-2.356020942408377,-65.0,1.14,167.2999674625953,,6,6,0.24444444444444444,18
202,-1.4136125654450262,-65.0,1.14,172.99212058989005,,6,6,0.25555555555555554,17
203,-0.4712041884816754,-65.0,1.14,164.1459889388296,,8,4,0.2777777777777778,9
204,0.4712041884816754,-65.0,1.14,175.24818147725279,,8,5,0.2818181818181818,13
205,1.4136125654450262,-65.0,1.14,191.38299192270324,,10,4,0.2727272727272727,10
206,-20.261780104712045,-63.75,1.14,107.4256454381164,,0,0,0.0,0
207,-19.319371727748695,-63.75,1.14,39.41216444949406,,0,0,0.0,0
208,-18.376963350785346,-63.75,1.14,61.95923638842896,,0,0,0.0,0
209,-17.434554973821996,-63.75,1.14,33.925826613631024,,0,0,0.0,0
210,-16.492146596858646,-63.75,1.14,56.02514588481862,,0,0,0.0,0
211,-15.549738219895294,-63.75,1.14,55.73291559585474,,0,0,0.0,0
212,-14.607329842931941,-63.75,1.14,66.27920364699507,,0,0,0.0,0
213,-13.664921465968591,-63.75,1.14,54.095895727807466,,0,0,0.0,0
214,-12.72251308900524,-63.75,1.14,74.51664337806821,,1,2,0.0,3
215,-11.780104712041888,-63.75,1.14,91.72975242145077,,2,1,0.0,1
216,-10.837696335078537,-63.75,1.14,99.00653473430086,,1,1,0.0,1
217,-9.895287958115185,-63.75,1.14,99.08369635132973,,1,2,0.0,3
218,-8.952879581151834,-63.75,1.14,98.97146636405805,,2,4,0.16666666666666666,9
219,-8.010471204188482,-63.75,1.14,112.94629093065723,,3,4,0.15,8
220,-7.0680628272251305,-63.75,1.14,119.84485717675989,,4,3,0.15,5
221,-6.12565445026178,-63.75,1.14,121.34407358652841,,3,3,0.16666666666666666,5
222,-5.183246073298429,-63.75,1.14,124.32802877512381,,4,4,0.23333333333333334,8
223,-4.2408376963350785,-63.75,1.14,126.89360680830164,,6,5,0.2222222222222222,13
224,-3.298429319371728,-63.75,1.14,137.32958395533964,,6,4,0.25,9
225,-2.356020942408377,-63.75,1.14,154.07062006340993,,6,5,0.25,13
226,-1.4136125654450262,-63.75,1.14,162.65503514442065,,6,5,0.2638888888888889,13
227,-0.4712041884816754,-63.75,1.14,142.20883571634667,,7,4,0.2361111111111111,8
228,0.4712041884816754,-63.75,1.14,127.56982221590374,,7,3,0.2857142857142857,6
229,1.4136125654450262,-63.75,1.14,154.2454241758366,,9,4,0.2909090909090909,10
230,3.298429319371728,-63.75,1.14,149.75553892903406,,4,2,0.5,3
231,-19.319371727748695,-62.5,1.14,0.0,,0,0,0.0,0
232,-18.376963350785346,-62.5,1.14,0.0,,0,0,0.0,0
233,-17.434554973821996,-62.5,1.14,0.0,,0,0,0.0,0
234,-16.492146596858646,-62.5,1.14,46.19640958150241,,0,0,0.0,0
235,-15.549738219895294,-62.5,1.14,65.01192368016495,,0,0,0.0,0
236,-14.607329842931941,-62.5,1.14,69.51768366083328,,0,0,0.0,0
237,-13.664921465968591,-62.5,1.14,74.00043837249419,,1,1,0.0,1
238,-12.72251308900524,-62.5,1.14,77.81401260204174,,1,1,0.0,1
239,-11.780104712041888,-62.5,1.14,90.84437401274548,,0,0,0.0,0
240,-10.837696335078537,-62.5,1.14,83.88928928984151,,0,0,0.0,0
241,-9.895287958115185,-62.5,1.14,122.57241445123485,,1,3,0.5,6
242,-8.952879581151834,-62.5,1.14,115.98055573826646,,3,4,0.2,9
243,-8.010471204188482,-62.5,1.14,110.99001873493896,,4,3,0.15,5
244,-7.0680628272251305,-62.5,1.14,110.27169319328152,,3,2,0.16666666666666666,3
245,-6.12565445026178,-62.5,1.14,112.3792639204698,,3,2,0.0,3
246,-5.183246073298429,-62.5,1.14,116.38063074777615,,4,3,0.1,5
247,-4.2408376963350785,-62.5,1.14,121.10664364940206,,5,4,0.21428571428571427,8
248,-3.298429319371728,-62.5,1.14,125.88439056345354,,5,4,0.21428571428571427,8
249,-2.356020942408377,-62.5,1.14,133.01046596305326,,6,4,0.19642857142857142,8
250,-1.4136125654450262,-62.5,1.14,154.0061420646658,,7,4,0.25,9
251,-0.4712041884816754,-62.5,1.14,148.1881260043044,,6,3,0.2857142857142857,6
252,0.4712041884816754,-62.5,1.14,92.32370272566295,,1,5,0.3333333333333333,13
253,1.4136125654450262,-62.5,1.14,144.3845554376047,,7,4,0.20833333333333334,9
254,2.356020942408377,-62.5,1.14,141.81682035333807,,11,2,0.24545454545454545,3
255,3.298429319371728,-62.5,1.14,120.61337439807221,,6,1,0.35,1
256,-18.376963350785346,-61.25,1.14,0.0,,0,0,0.0,0
257,-17.434554973821996,-61.25,1.14,2.198074309528332,,0,0,0.0,0
258,-16.492146596858646,-61.25,1.14,40.79024652510899,,0,0,0.0,0
259,-15.549738219895294,-61.25,1.14,50.5100171862019,,0,0,0.0,0
260,-14.607329842931941,-61.25,1.14,59.5326296211281,,0,0,0.0,0
261,-13.664921465968591,-61.25,1.14,75.30175625704237,,1,1,0.0,1
262,-12.72251308900524,-61.25,1.14,47.06512516748948,,0,0,0.0,0
263,-11.780104712041888,-61.25,1.14,108.08430325991877,,1,1,0.0,1
264,-10.837696335078537,-61.25,1.14,111.1917967744968,,1,2,0.0,3
265,-9.895287958115185,-61.25,1.14,103.20402740749668,,2,2,0.0,3
266,-8.952879581151834,-61.25,1.14,109.89167944134738,,4,2,0.16666666666666666,3
267,-8.010471204188482,-61.25,1.14,102.63246153371469,,4,1,0.3333333333333333,1
268,-7.0680628272251305,-61.25,1.14,101.42373099123756,,3,2,0.0,3
269,-6.12565445026178,-61.25,1.14,103.72199989946023,,2,2,0.0,3
270,-5.183246073298429,-61.25,1.14,104.17943657255196,,2,2,0.0,3
271,-4.2408376963350785,-61.25,1.14,94.75274904044274,,3,2,0.0,3
272,-3.298429319371728,-61.25,1.14,102.52175569037429,,4,2,0.25,3
273,-2.356020942408377,-61.25,1.14,101.46330148399647,,3,2,0.16666666666666666,3
274,-1.4136125654450262,-61.25,1.14,133.192007204825,,4,4,0.16666666666666666,8
275,-0.4712041884816754,-61.25,1.14,142.63455726322806,,5,5,0.16071428571428573,12
276,0.4712041884816754,-61.25,1.14,136.10908727840956,,5,4,0.16666666666666666,9
277,1.4136125654450262,-61.25,1.14,124.5602828297563,,4,4,0.16666666666666666,6
278,2.356020942408377,-61.25,1.14,114.21773716278511,,7,1,0.3,1
279,3.298429319371728,-61.25,1.14,15.718007914309704,,0,0,0.0,0
280,4.2408376963350785,-61.25,1.14,11.942662691570881,,0,0,0.0,0
281,-15.549738219895294,-60.0,1.14,0.0,,0,0,0.0,0
282,-14.607329842931941,-60.0,1.14,31.947890528176305,,0,0,0.0,0
283,-13.664921465968591,-60.0,1.14,55.156580079312015,,0,0,0.0,0
284,-12.72251308900524,-60.0,1.14,87.51256195893247,,1,1,0.0,1
285,-11.780104712041888,-60.0,1.14,87.78406111232938,,1,1,0.0,1
286,-10.837696335078537,-60.0,1.14,86.45174819173101,,1,1,0.0,1
287,-9.895287958115185,-60.0,1.14,85.21207106815477,,1,1,0.0,1
288,-8.952879581151834,-60.0,1.14,90.06288891033465,,1,1,0.0,1
289,-8.010471204188482,-60.0,1.14,,,0,0,0.0,0
290,-7.0680628272251305,-60.0,1.14,91.58202669339653,,2,2,0.0,3
291,-6.12565445026178,-60.0,1.14,92.27021298310333,,2,1,0.0,1
292,-5.183246073298429,-60.0,1.14,90.54805228456493,,2,2,0.0,3
293,-4.2408376963350785,-60.0,1.14,79.02958933392264,,2,1,0.0,1
294,-3.298429319371728,-60.0,1.14,91.27761394878796,,2,2,0.0,3
295,-2.356020942408377,-60.0,1.14,90.04535506640124,,2,2,0.0,3
296,-1.4136125654450262,-60.0,1.14,106.26061051915781,,2,2,0.0,3
297,-0.4712041884816754,-60.0,1.14,129.26226362589836,,3,5,0.2,12
298,0.4712041884816754,-60.0,1.14,123.43601243076778,,4,3,0.2,5
299,1.4136125654450262,-60.0,1.14,112.36627897776577,,5,1,0.3333333333333333,1
300,2.356020942408377,-60.0,1.14,89.88296476473656,,1,0,0.0,0
301,3.298429319371728,-60.0,1.14,25.670254687145434,,0,0,0.0,0
302,4.2408376963350785,-60.0,1.14,22.72148651281944,,0,0,0.0,0
303,5.183246073298429,-60.0,1.14,41.84067609067617,,0,0,0.0,0
304,-13.664921465968591,-58.75,1.14,0.0,,0,0,0.0,0
305,-12.72251308900524,-58.75,1.14,48.27057547989813,,0,0,0.0,0
306,-11.780104712041888,-58.75,1.14,73.36786351044745,,0,0,0.0,0
307,-10.837696335078537,-58.75,1.14,77.26684665222903,,1,1,0.0,1
308,-9.895287958115185,-58.75,1.14,89.08039029694254,,1,1,0.0,1
309,-8.952879581151834,-58.75,1.14,91.55473366005394,,1,1,0.0,1
310,-8.010471204188482,-58.75,1.14,90.97091698935309,,1,1,0.0,1
311,-7.0680628272251305,-58.75,1.14,85.79582897824024,,2,1,0.0,1
312,-6.12565445026178,-58.75,1.14,87.09105658315276,,1,1,0.0,1
313,-5.183246073298429,-58.75,1.14,79.86829965572066,,2,1,0.0,1
314,-4.2408376963350785,-58.75,1.14,68.3461217144663,,1,1,0.0,1
315,-3.298429319371728,-58.75,1.14,74.50392116827875,,2,1,0.0,1
316,-2.356020942408377,-58.75,1.14,67.8089134073474,,2,1,0.0,1
317,-1.4136125654450262,-58.75,1.14,81.9828190820054,,2,2,0.0,3
318,-0.4712041884816754,-58.75,1.14,105.27682947703329,,3,4,0.2,7
319,0.4712041884816754,-58.75,1.14,107.87884206674637,,4,2,0.16666666666666666,3
320,-13.664921465968591,-57.5,1.14,57.75974386133232,,0,0,0.0,0
321,-12.72251308900524,-57.5,1.14,67.46296538415235,,0,0,0.0,0
322,-11.780104712041888,-57.5,1.14,63.742975624316365,,0,0,0.0,0
323,-10.837696335078537,-57.5,1.14,65.92680281886226,,0,0,0.0,0
324,-9.895287958115185,-57.5,1.14,74.11788888699252,,1,1,0.0,1
325,-8.952879581151834,-57.5,1.14,93.7096031827484,,1,1,0.0,1
326,-8.010471204188482,-57.5,1.14,96.37422833851211,,1,1,0.0,1
327,-7.0680628272251305,-57.5,1.14,87.71369149943767,,1,1,0.0,1
328,-6.12565445026178,-57.5,1.14,85.9883264281997,,1,1,0.0,1
329,-5.183246073298429,-57.5,1.14,67.31487474154149,,1,1,0.0,1
330,-4.2408376963350785,-57.5,1.14,49.44089720745672,,1,1,0.0,1
331,-3.298429319371728,-57.5,1.14,47.500867387577316,,1,1,0.0,1
332,-2.356020942408377,-57.5,1.14,36.5428935990963,,0,0,0.0,0
333,-1.4136125654450262,-57.5,1.14,60.714260095965855,,2,2,0.0,2
334,-0.4712041884816754,-57.5,1.14,78.8736117551197,,3,2,0.3333333333333333,2
335,0.4712041884816754,-57.5,1.14,73.69491068776578,,2,2,0.0,2
336,1.4136125654450262,-57.5,1.14,60.83980221288168,,0,0,0.0,0
337,-13.664921465968591,-56.25,1.14,70.47640168512753,,0,0,0.0,0
338,-12.72251308900524,-56.25,1.14,37.23176325893131,,0,0,0.0,0
339,-11.780104712041888,-56.25,1.14,53.9513746959649,,0,0,0.0,0
340,-10.837696335078537,-56.25,1.14,50.9540104824755,,0,0,0.0,0
341,-9.895287958115185,-56.25,1.14,47.74649741872775,,0,0,0.0,0
342,-8.952879581151834,-56.25,1.14,78.55632197934503,,1,1,0.0,1
343,-8.010471204188482,-56.25,1.14,73.45155861382268,,1,1,0.0,1
344,-7.0680628272251305,-56.25,1.14,67.46683639129665,,0,0,0.0,0
345,-6.12565445026178,-56.25,1.14,62.77197537181898,,0,0,0.0,0
346,-5.183246073298429,-56.25,1.14,49.28831981955538,,0,0,0.0,0
347,-4.2408376963350785,-56.25,1.14,34.955149473828655,,0,0,0.0,0
348,-3.298429319371728,-56.25,1.14,29.0180168843405,,0,0,0.0,0
349,-2.356020942408377,-56.25,1.14,27.09390547104522,,0,0,0.0,0
350,-1.4136125654450262,-56.25,1.14,37.24544166689999,,1,0,0.0,0
351,-0.4712041884816754,-56.25,1.14,40.65558922019465,,2,0,0.5,0
352,0.4712041884816754,-56.25,1.14,31.2009898682884,,1,0,0.0,0
353,1.4136125654450262,-56.25,1.14,29.66913820265147,,0,0,0.0,0
354,-14.607329842931941,-55.0,1.14,0.0,,0,0,0.0,0
355,-13.664921465968591,-55.0,1.14,26.592424638665666,,0,0,0.0,0
356,-12.72251308900524,-55.0,1.14,50.00837835320203,,0,0,0.0,0
357,-11.780104712041888,-55.0,1.14,47.25340323820975,,0,0,0.0,0
358,-10.837696335078537,-55.0,1.14,36.37101515574227,,0,0,0.0,0
359,-9.895287958115185,-55.0,1.14,37.01463788372332,,0,0,0.0,0
360,-8.952879581151834,-55.0,1.14,53.991686504767664,,0,0,0.0,0
361,-8.010471204188482,-55.0,1.14,48.71467534174775,,0,0,0.0,0
362,-7.0680628272251305,-55.0,1.14,44.55421574690124,,0,0,0.0,0
363,-6.12565445026178,-55.0,1.14,43.53245565093862,,0,0,0.0,0
364,-5.183246073298429,-55.0,1.14,36.06702178865432,,0,0,0.0,0
365,-4.2408376963350785,-55.0,1.14,24.784305653917492,,0,0,0.0,0
366,-3.298429319371728,-55.0,1.14,19.18127961329166,,0,0,0.0,0
367,-2.356020942408377,-55.0,1.14,15.142676694554497,,0,0,0.0,0
368,-1.4136125654450262,-55.0,1.14,16.03307268029576,,0,0,0.0,0
369,-0.4712041884816754,-55.0,1.14,16.327601572778132,,0,0,0.0,0
370,0.4712041884816754,-55.0,1.14,12.875980819831279,,0,0,0.0,0
371,1.4136125654450262,-55.0,1.14,13.103535186304626,,0,0,0.0,0
372,2.356020942408377,-55.0,1.14,14.178422469234352,,0,0,0.0,0
373,-14.607329842931941,-53.75,1.14,0.0,,0,0,0.0,0
374,-13.664921465968591,-53.75,1.14,0.0,,0,0,0.0,0
375,-12.72251308900524,-53.75,1.14,43.34532187681058,,0,0,0.0,0
376,-11.780104712041888,-53.75,1.14,42.716517158264764,,0,0,0.0,0
377,-10.837696335078537,-53.75,1.14,49.31727072384324,,1,1,0.0,1
378,-9.895287958115185,-53.75,1.14,46.03701793212313,,0,0,0.0,0
379,-8.952879581151834,-53.75,1.14,39.556009258382275,,0,0,0.0,0
380,-8.010471204188482,-53.75,1.14,36.87044570725935,,0,0,0.0,0
381,-7.0680628272251305,-53.75,1.14,34.033512097608934,,0,0,0.0,0
382,-6.12565445026178,-53.75,1.14,32.673743654559594,,0,0,0.0,0
383,-5.183246073298429,-53.75,1.14,26.232216344219836,,0,0,0.0,0
384,-4.2408376963350785,-53.75,1.14,18.943901546841197,,0,0,0.0,0
385,-3.298429319371728,-53.75,1.14,14.752293331091556,,0,0,0.0,0
386,-2.356020942408377,-53.75,1.14,15.649634252001613,,0,0,0.0,0
387,-1.4136125654450262,-53.75,1.14,13.666971064639688,,0,0,0.0,0
388,-0.4712041884816754,-53.75,1.14,10.397204554269637,,0,0,0.0,0
389,0.4712041884816754,-53.75,1.14,7.941542363375487,,0,0,0.0,0
390,1.4136125654450262,-53.75,1.14,7.903166349414209,,0,0,0.0,0
391,2.356020942408377,-53.75,1.14,9.067195675481521,,0,0,0.0,0
392,-13.664921465968591,-52.5,1.14,0.0,,0,0,0.0,0
393,-12.72251308900524,-52.5,1.14,20.887057918315172,,0,0,0.0,0
394,-11.780104712041888,-52.5,1.14,38.470194582389475,,0,0,0.0,0
395,-10.837696335078537,-52.5,1.14,31.820431560811777,,0,0,0.0,0
396,-9.895287958115185,-52.5,1.14,38.84742872722871,,0,0,0.0,0
397,-8.952879581151834,-52.5,1.14,32.4892193764858,,0,0,0.0,0
398,-8.010471204188482,-52.5,1.14,29.222751177806355,,0,0,0.0,0
399,-7.0680628272251305,-52.5,1.14,29.21638304537554,,0,0,0.0,0
400,-6.12565445026178,-52.5,1.14,24.2972491695656,,0,0,0.0,0
401,-5.183246073298429,-52.5,1.14,18.34620162606119,,0,0,0.0,0
402,-4.2408376963350785,-52.5,1.14,15.09236511409001,,0,0,0.0,0
403,-3.298429319371728,-52.5,1.14,12.372794098317797,,0,0,0.0,0
404,-2.356020942408377,-52.5,1.14,12.07359103732128,,0,0,0.0,0
405,-1.4136125654450262,-52.5,1.14,10.722761380636264,,0,0,0.0,0
406,-0.4712041884816754,-52.5,1.14,9.45109978460285,,0,0,0.0,0
407,0.4712041884816754,-52.5,1.14,6.63379625874159,,0,0,0.0,0
408,-8.952879581151834,-51.25,1.14,26.629246182880323,,0,0,0.0,0
409,-8.010471204188482,-51.25,1.14,23.53844603338778,,0,0,0.0,0
410,-7.0680628272251305,-51.25,1.14,21.017831901126044,,0,0,0.0,0
411,-5.183246073298429,-51.25,1.14,12.369709847242651,,0,0,0.0,0
412,-4.2408376963350785,-51.25,1.14,12.00283040449782,,0,0,0.0,0
413,-3.298429319371728,-51.25,1.14,10.978007533619671,,0,0,0.0,0
414,-2.356020942408377,-51.25,1.14,9.76687716316061,,0,0,0.0,0
415,-3.298429319371728,-50.0,1.14,8.704119550386821,,0,0,0.0,0
0,-6.12565445026178,-78.75,1.5,0.0,,0,1,0.0,1
1,-5.183246073298429,-78.75,1.5,21.570978872111237,,0,2,0.5,3
2,-4.2408376963350785,-78.75,1.5,85.29918838003914,,1,3,0.5,6
3,-3.298429319371728,-78.75,1.5,51.6578332786295,,1,3,0.5,6
4,-2.356020942408377,-78.75,1.5,14.288974701127593,,0,3,0.5,6
5,-1.4136125654450262,-78.75,1.5,10.830361405360172,,0,3,0.5,6
6,-8.952879581151834,-77.5,1.5,0.0,,0,8,0.32142857142857145,25
7,-8.010471204188482,-77.5,1.5,46.2825084833965,,1,5,0.36666666666666664,11
8,-7.0680628272251305,-77.5,1.5,60.78032042244872,,1,3,0.3333333333333333,5
9,-6.12565445026178,-77.5,1.5,62.231377771893506,,2,5,0.2,12
10,-5.183246073298429,-77.5,1.5,104.30072601445048,,4,4,0.16666666666666666,9
11,-4.2408376963350785,-77.5,1.5,121.02520519700451,,4,4,0.16666666666666666,9
12,-3.298429319371728,-77.5,1.5,134.8584378452924,,4,3,0.2,6
13,-2.356020942408377,-77.5,1.5,83.64099525210523,,2,4,0.4166666666666667,10
14,-1.4136125654450262,-77.5,1.5,141.90114435618523,,5,7,0.25,26
15,-0.4712041884816754,-77.5,1.5,139.50004107052928,,3,13,0.25842696629213485,62
16,0.4712041884816754,-77.5,1.5,114.57574426981272,,2,10,0.375,46
17,-10.837696335078537,-76.25,1.5,0.0,,0,2,0.5,3
18,-9.895287958115185,-76.25,1.5,7.792280084341199,,0,5,0.35,12
19,-8.952879581151834,-76.25,1.5,102.65201233387799,,3,9,0.2111111111111111,26
20,-8.010471204188482,-76.25,1.5,104.57062222388909,,5,5,0.3392857142857143,12
21,-7.0680628272251305,-76.25,1.5,112.29417139339134,,7,3,0.30357142857142855,5
22,-6.12565445026178,-76.25,1.5,114.06553638093001,,8,1,0.2857142857142857,1
23,-5.183246073298429,-76.25,1.5,121.00350500022037,,3,3,0.25,5
24,-4.2408376963350785,-76.25,1.5,129.6732086912378,,5,3,0.16666666666666666,5
25,-3.298429319371728,-76.25,1.5,141.64688037752214,,5,4,0.14285714285714285,9
26,-2.356020942408377,-76.25,1.5,146.50292147843564,,6,4,0.17857142857142858,9
27,-1.4136125654450262,-76.25,1.5,155.18166535010693,,6,4,0.30357142857142855,10
28,-0.4712041884816754,-76.25,1.5,178.29737975304624,,7,4,0.32857142857142857,10
29,0.4712041884816754,-76.25,1.5,194.64588701676473,,4,6,0.375,18
30,1.4136125654450262,-76.25,1.5,141.8259474711553,,3,3,0.5,6
31,-13.664921465968591,-75.0,1.5,0.0,,0,0,0.0,0
32,-12.72251308900524,-75.0,1.5,0.0,,0,0,0.0,0
33,-11.780104712041888,-75.0,1.5,21.181466843518898,,0,5,0.35,12
34,-10.837696335078537,-75.0,1.5,145.20499715264188,,2,11,0.12727272727272726,31
35,-9.895287958115185,-75.0,1.5,140.49493809897075,,5,5,0.25,11
36,-8.952879581151834,-75.0,1.5,93.77133975283594,,10,2,0.16666666666666666,3
37,-8.010471204188482,-75.0,1.5,81.99454310256435,,10,2,0.2222222222222222,3
38,-7.0680628272251305,-75.0,1.5,94.1879487306838,,8,2,0.26785714285714285,3
39,-6.12565445026178,-75.0,1.5,118.89243770801258,,4,3,0.1,5
40,-5.183246073298429,-75.0,1.5,147.45065597963344,,3,4,0.1,9
41,-4.2408376963350785,-75.0,1.5,162.27027482453087,,3,4,0.15,9
42,-3.298429319371728,-75.0,1.5,174.83555366166001,,3,5,0.16666666666666666,12
43,-2.356020942408377,-75.0,1.5,187.16714825886697,,4,5,0.16666666666666666,12
44,-1.4136125654450262,-75.0,1.5,195.60074839117362,,6,7,0.19090909090909092,21
45,-0.4712041884816754,-75.0,1.5,201.75317914196972,,7,7,0.26153846153846155,21
46,0.4712041884816754,-75.0,1.5,150.23127018978283,,6,4,0.42857142857142855,9
47,1.4136125654450262,-75.0,1.5,140.7131561562344,,6,2,0.4666666666666667,3
48,2.356020942408377,-75.0,1.5,103.99389517490678,,1,1,0.0,1
49,-14.607329842931941,-73.75,1.5,2.6504722768943885,,0,0,0.0,0
50,-13.664921465968591,-73.75,1.5,0.0,,0,1,0.0,1
51,-12.72251308900524,-73.75,1.5,39.57166997043159,,0,6,0.23333333333333334,13
52,-11.780104712041888,-73.75,1.5,66.71404156011585,,2,13,0.10897435897435898,37
53,-10.837696335078537,-73.75,1.5,93.9333542149178,,10,2,0.08888888888888889,3
54,-9.895287958115185,-73.75,1.5,82.93391961198414,,9,2,0.20833333333333334,3
55,-8.952879581151834,-73.75,1.5,84.78683614950785,,8,2,0.19642857142857142,3
56,-8.010471204188482,-73.75,1.5,101.82229346475968,,5,4,0.11904761904761904,9
57,-7.0680628272251305,-73.75,1.5,126.22150122482772,,3,4,0.2,9
58,-6.12565445026178,-73.75,1.5,147.61242246588523,,3,4,0.15,9
59,-5.183246073298429,-73.75,1.5,157.90382694988153,,3,4,0.2,9
60,-4.2408376963350785,-73.75,1.5,162.27284470185623,,4,4,0.2,9
61,-3.298429319371728,-73.75,1.5,160.81869326755168,,4,4,0.23333333333333334,9
62,-2.356020942408377,-73.75,1.5,177.6180443974613,,4,5,0.19047619047619047,12
63,-1.4136125654450262,-73.75,1.5,166.70311724768456,,4,5,0.2619047619047619,14
64,-0.4712041884816754,-73.75,1.5,174.24203594411895,,5,7,0.2111111111111111,21
65,0.4712041884816754,-73.75,1.5,190.36255014151573,,8,4,0.2777777777777778,9
66,1.4136125654450262,-73.75,1.5,174.1730674327398,,9,2,0.3194444444444444,3
67,-14.607329842931941,-72.5,1.5,0.0,,0,0,0.0,0
68,-13.664921465968591,-72.5,1.5,0.0,,0,6,0.16666666666666666,11
69,-12.72251308900524,-72.5,1.5,11.71798972632424,,0,7,0.09523809523809523,11
70,-11.780104712041888,-72.5,1.5,105.57644297599681,,10,2,0.15555555555555556,3
71,-10.837696335078537,-72.5,1.5,95.40301628113725,,10,2,0.2,3
72,-9.895287958115185,-72.5,1.5,97.87700683727905,,8,3,0.1527777777777778,5
73,-8.952879581151834,-72.5,1.5,103.81349955551977,,4,4,0.13333333333333333,9
74,-8.010471204188482,-72.5,1.5,115.80573308707542,,3,3,0.16666666666666666,5
75,-7.0680628272251305,-72.5,1.5,125.70646924050467,,4,3,0.15,5
76,-6.12565445026178,-72.5,1.5,148.8902452253089,,4,4,0.16666666666666666,9
77,-5.183246073298429,-72.5,1.5,168.28986034902812,,4,4,0.2,9
78,-4.2408376963350785,-72.5,1.5,182.38528898017535,,4,4,0.2,9
79,-3.298429319371728,-72.5,1.5,177.687361250575,,5,4,0.16666666666666666,9
80,-2.356020942408377,-72.5,1.5,183.89197814443264,,5,5,0.17857142857142858,13
81,-1.4136125654450262,-72.5,1.5,157.41221111283957,,5,5,0.21428571428571427,14
82,-0.4712041884816754,-72.5,1.5,160.35795744227312,,5,6,0.25,18
83,0.4712041884816754,-72.5,1.5,167.89461696933932,,5,5,0.21428571428571427,12
84,1.4136125654450262,-72.5,1.5,151.24543918426815,,5,2,0.25,3
85,-14.607329842931941,-71.25,1.5,0.0,,0,5,0.2,9
86,-13.664921465968591,-71.25,1.5,0.0,,0,10,0.13333333333333333,22
87,-12.72251308900524,-71.25,1.5,141.8397740578785,,6,10,0.19230769230769232,27
88,-11.780104712041888,-71.25,1.5,108.41751204866151,,11,2,0.14545454545454545,3
89,-10.837696335078537,-71.25,1.5,91.21182755484182,,7,2,0.2619047619047619,3
90,-9.895287958115185,-71.25,1.5,101.54602831339797,,6,2,0.23333333333333334,3
91,-8.952879581151834,-71.25,1.5,114.77046576084986,,3,3,0.08333333333333333,5
92,-8.010471204188482,-71.25,1.5,126.27020749479775,,4,3,0.1,5
93,-7.0680628272251305,-71.25,1.5,137.7766542952117,,3,4,0.1,9
94,-6.12565445026178,-71.25,1.5,159.2099053245188,,3,4,0.2,9
95,-5.183246073298429,-71.25,1.5,172.39330094914925,,4,4,0.2,9
96,-4.2408376963350785,-71.25,1.5,176.4396499697274,,4,4,0.16666666666666666,8
97,-3.298429319371728,-71.25,1.5,185.79862687901823,,4,4,0.2,9
98,-2.356020942408377,-71.25,1.5,183.21856538417705,,5,5,0.19642857142857142,14
99,-1.4136125654450262,-71.25,1.5,155.48996675192387,,4,5,0.23809523809523808,12
100,-0.4712041884816754,-71.25,1.5,163.9352900346405,,6,6,0.2111111111111111,18
101,0.4712041884816754,-71.25,1.5,182.91027231081034,,5,6,0.2361111111111111,18
102,1.4136125654450262,-71.25,1.5,123.87491901764473,,4,3,0.25,6
103,-13.664921465968591,-70.0,1.5,46.88106821317175,,0,12,0.13636363636363635,29
104,-12.72251308900524,-70.0,1.5,128.23017551122766,,9,3,0.24444444444444444,5
105,-11.780104712041888,-70.0,1.5,74.55192607410658,,9,1,0.26785714285714285,1
106,-10.837696335078537,-70.0,1.5,90.58041053440328,,4,2,0.0,3
107,-9.895287958115185,-70.0,1.5,105.87558296059788,,2,2,0.0,3
108,-8.952879581151834,-70.0,1.5,116.8771500476801,,3,3,0.0,5
109,-8.010471204188482,-70.0,1.5,131.66381236152122,,3,4,0.1,9
110,-7.0680628272251305,-70.0,1.5,144.3311619167344,,3,4,0.2,9
111,-6.12565445026178,-70.0,1.5,158.99225838297622,,4,4,0.2,9
112,-5.183246073298429,-70.0,1.5,167.3139285548605,,4,4,0.16666666666666666,8
113,-4.2408376963350785,-70.0,1.5,168.64010028647328,,4,3,0.2,6
114,-3.298429319371728,-70.0,1.5,182.69108138597744,,3,4,0.2,9
115,-2.356020942408377,-70.0,1.5,177.74451540203466,,4,4,0.23333333333333334,9
116,-1.4136125654450262,-70.0,1.5,168.39372068378105,,5,4,0.23809523809523808,9
117,-0.4712041884816754,-70.0,1.5,184.25671692665514,,6,5,0.19444444444444445,12
118,0.4712041884816754,-70.0,1.5,200.3307770209433,,6,5,0.20833333333333334,12
119,1.4136125654450262,-70.0,1.5,183.5839682216703,,4,5,0.23809523809523808,14
120,-15.549738219895294,-68.75,1.5,0.0,,0,11,0.13636363636363635,25
121,-14.607329842931941,-68.75,1.5,27.443887378607215,,0,7,0.14285714285714285,12
122,-13.664921465968591,-68.75,1.5,137.36637551142263,,6,4,0.30357142857142855,7
123,-12.72251308900524,-68.75,1.5,73.19930575396972,,7,0,0.14285714285714285,0
124,-11.780104712041888,-68.75,1.5,69.99197790596145,,1,1,0.0,1
125,-10.837696335078537,-68.75,1.5,96.91350797713582,,1,2,0.0,3
126,-9.895287958115185,-68.75,1.5,102.85224654334934,,2,2,0.0,3
127,-8.952879581151834,-68.75,1.5,112.70716902845895,,3,3,0.0,5
128,-8.010471204188482,-68.75,1.5,125.74916364136679,,3,3,0.08333333333333333,5
129,-7.0680628272251305,-68.75,1.5,143.9798912195035,,4,4,0.16666666666666666,9
130,-6.12565445026178,-68.75,1.5,153.57748366972044,,4,3,0.2,5
131,-5.183246073298429,-68.75,1.5,159.80529015248507,,4,2,0.16666666666666666,3
132,-4.2408376963350785,-68.75,1.5,169.39375919304808,,3,4,0.2,9
133,-3.298429319371728,-68.75,1.5,173.5371302694863,,4,4,0.16666666666666666,9
134,-2.356020942408377,-68.75,1.5,175.92217948794982,,4,4,0.2,9
135,-1.4136125654450262,-68.75,1.5,175.94251984953073,,6,6,0.16666666666666666,18
136,-0.4712041884816754,-68.75,1.5,194.41958778993717,,5,5,0.19642857142857142,12
137,0.4712041884816754,-68.75,1.5,208.8471047414925,,6,5,0.19444444444444445,12
138,1.4136125654450262,-68.75,1.5,195.91930788132186,,6,6,0.18888888888888888,17
139,2.356020942408377,-68.75,1.5,214.71690688046277,,3,3,0.4166666666666667,6
140,-16.492146596858646,-67.5,1.5,0.0,,0,7,0.23809523809523808,15
141,-15.549738219895294,-67.5,1.5,91.20788014482017,,2,6,0.3,13
142,-14.607329842931941,-67.5,1.5,66.46241842827298,,2,0,0.5,0
143,-13.664921465968591,-67.5,1.5,39.370277487645794,,0,0,0.0,0
144,-12.72251308900524,-67.5,1.5,38.13386572743279,,0,0,0.0,0
145,-11.780104712041888,-67.5,1.5,75.57078495287303,,0,0,0.0,0
146,-10.837696335078537,-67.5,1.5,90.3895667959575,,1,1,0.0,1
147,-9.895287958115185,-67.5,1.5,84.86655993621497,,1,2,0.0,3
148,-8.952879581151834,-67.5,1.5,107.04261822739845,,3,1,0.0,1
149,-8.010471204188482,-67.5,1.5,123.12594119650812,,2,2,0.0,3
150,-7.0680628272251305,-67.5,1.5,139.2974390282586,,2,4,0.16666666666666666,8
151,-6.12565445026178,-67.5,1.5,146.11645958384764,,4,3,0.15,5
152,-5.183246073298429,-67.5,1.5,159.56742285019004,,3,3,0.0,5
153,-4.2408376963350785,-67.5,1.5,165.1746655696374,,2,4,0.16666666666666666,8
154,-3.298429319371728,-67.5,1.5,166.86025287166817,,4,4,0.2,9
155,-2.356020942408377,-67.5,1.5,173.59511401764175,,4,4,0.2,9
156,-1.4136125654450262,-67.5,1.5,187.25943037144825,,4,6,0.23214285714285715,18
157,-0.4712041884816754,-67.5,1.5,194.66647092935597,,5,6,0.20833333333333334,18
158,0.4712041884816754,-67.5,1.5,195.2437605385886,,5,6,0.19444444444444445,18
159,1.4136125654450262,-67.5,1.5,204.37277696740827,,5,5,0.19642857142857142,12
160,2.356020942408377,-67.5,1.5,272.79169219317356,,5,4,0.2619047619047619,10
161,-18.376963350785346,-66.25,1.5,0.0,,0,0,0.0,0
162,-17.434554973821996,-66.25,1.5,0.0,,0,0,0.0,0
163,-16.492146596858646,-66.25,1.5,35.06708289798542,,0,2,0.0,0
164,-15.549738219895294,-66.25,1.5,90.64211197164992,,1,0,0.0,0
165,-14.607329842931941,-66.25,1.5,58.92565208031438,,0,0,0.0,0
166,-13.664921465968591,-66.25,1.5,18.670508333803447,,0,0,0.0,0
167,-12.72251308900524,-66.25,1.5,0.0,,0,0,0.0,0
168,-11.780104712041888,-66.25,1.5,65.06130592259082,,0,0,0.0,0
169,-10.837696335078537,-66.25,1.5,86.47313571091186,,1,2,0.0,3
170,-9.895287958115185,-66.25,1.5,96.03789082041806,,2,2,0.0,3
171,-8.952879581151834,-66.25,1.5,102.77884651484392,,2,1,0.0,1
172,-8.010471204188482,-66.25,1.5,116.7112755063429,,2,2,0.0,3
173,-7.0680628272251305,-66.25,1.5,126.85227048142774,,2,2,0.0,3
174,-6.12565445026178,-66.25,1.5,139.40149941806493,,3,3,0.08333333333333333,5
175,-5.183246073298429,-66.25,1.5,150.25982903545105,,2,3,0.0,5
176,-4.2408376963350785,-66.25,1.5,147.6484789541261,,3,3,0.08333333333333333,6
177,-3.298429319371728,-66.25,1.5,162.56901449875383,,3,4,0.2,9
178,-2.356020942408377,-66.25,1.5,175.65936561229947,,4,4,0.2,9
179,-1.4136125654450262,-66.25,1.5,176.9334844273088,,5,5,0.21428571428571427,13
180,-0.4712041884816754,-66.25,1.5,189.07654526057394,,6,5,0.2222222222222222,13
181,0.4712041884816754,-66.25,1.5,181.16540907020016,,5,4,0.2619047619047619,10
182,1.4136125654450262,-66.25,1.5,143.92626143432258,,2,5,0.25,12
183,2.356020942408377,-66.25,1.5,232.0808247938416,,6,3,0.21428571428571427,6
184,-18.376963350785346,-65.0,1.5,0.0,,0,0,0.0,0
185,-17.434554973821996,-65.0,1.5,26.089478311043827,,0,0,0.0,0
186,-16.492146596858646,-65.0,1.5,70.95348958205692,,0,0,0.0,0
187,-15.549738219895294,-65.0,1.5,70.74766454628329,,0,0,0.0,0
188,-14.607329842931941,-65.0,1.5,38.704355078718386,,0,0,0.0,0
189,-13.664921465968591,-65.0,1.5,14.613703425053854,,0,0,0.0,0
190,-12.72251308900524,-65.0,1.5,0.759784495704075,,0,0,0.0,0
191,-11.780104712041888,-65.0,1.5,83.91839878714782,,0,1,0.0,1
192,-10.837696335078537,-65.0,1.5,103.30098682097452,,2,2,0.0,3
193,-9.895287958115185,-65.0,1.5,104.77708764329093,,2,2,0.0,3
194,-8.952879581151834,-65.0,1.5,104.45661701927546,,2,1,0.0,1
195,-8.010471204188482,-65.0,1.5,114.14888831978726,,2,1,0.0,1
196,-7.0680628272251305,-65.0,1.5,124.5148659390783,,2,3,0.0,5
197,-6.12565445026178,-65.0,1.5,133.14409083678416,,2,3,0.0,5
198,-5.183246073298429,-65.0,1.5,139.6950592532175,,3,3,0.0,5
199,-4.2408376963350785,-65.0,1.5,137.15186987875825,,3,4,0.1,8
200,-3.298429319371728,-65.0,1.5,148.7791740491335,,4,4,0.16666666666666666,9
201,-2.356020942408377,-65.0,1.5,167.2999674625953,,4,4,0.2,9
202,-1.4136125654450262,-65.0,1.5,172.99212058989005,,5,4,0.21428571428571427,9
203,-0.4712041884816754,-65.0,1.5,164.1459889388296,,6,4,0.23214285714285715,8
204,0.4712041884816754,-65.0,1.5,175.24818147725279,,6,4,0.26785714285714285,9
205,1.4136125654450262,-65.0,1.5,191.38299192270324,,7,3,0.21428571428571427,6
206,-20.261780104712045,-63.75,1.5,107.4256454381164,,0,0,0.0,0
207,-19.319371727748695,-63.75,1.5,39.41216444949406,,0,0,0.0,0
208,-18.376963350785346,-63.75,1.5,61.95923638842896,,0,0,0.0,0
209,-17.434554973821996,-63.75,1.5,33.925826613631024,,0,0,0.0,0
210,-16.492146596858646,-63.75,1.5,56.02514588481862,,0,0,0.0,0
211,-15.549738219895294,-63.75,1.5,55.73291559585474,,0,0,0.0,0
212,-14.607329842931941,-63.75,1.5,66.27920364699507,,0,0,0.0,0
213,-13.664921465968591,-63.75,1.5,54.095895727807466,,0,0,0.0,0
214,-12.72251308900524,-63.75,1.5,74.51664337806821,,0,0,0.0,0
215,-11.780104712041888,-63.75,1.5,91.72975242145077,,0,0,0.0,0
216,-10.837696335078537,-63.75,1.5,99.00653473430086,,0,0,0.0,0
217,-9.895287958115185,-63.75,1.5,99.08369635132973,,0,0,0.0,0
218,-8.952879581151834,-63.75,1.5,98.97146636405805,,1,1,0.0,1
219,-8.010471204188482,-63.75,1.5,112.94629093065723,,1,1,0.0,1
220,-7.0680628272251305,-63.75,1.5,119.84485717675989,,2,1,0.0,1
221,-6.12565445026178,-63.75,1.5,121.34407358652841,,3,2,0.0,3
222,-5.183246073298429,-63.75,1.5,124.32802877512381,,3,2,0.0,3
223,-4.2408376963350785,-63.75,1.5,126.89360680830164,,3,2,0.0,3
224,-3.298429319371728,-63.75,1.5,137.32958395533964,,3,4,0.15,8
225,-2.356020942408377,-63.75,1.5,154.07062006340993,,4,4,0.2,9
226,-1.4136125654450262,-63.75,1.5,162.65503514442065,,4,4,0.2,9
227,-0.4712041884816754,-63.75,1.5,142.20883571634667,,5,2,0.25,3
228,0.4712041884816754,-63.75,1.5,127.56982221590374,,4,3,0.25,6
229,1.4136125654450262,-63.75,1.5,154.2454241758366,,7,3,0.21428571428571427,6
230,3.298429319371728,-63.75,1.5,149.75553892903406,,3,2,0.5,3
231,-19.319371727748695,-62.5,1.5,0.0,,0,0,0.0,0
232,-18.376963350785346,-62.5,1.5,0.0,,0,0,0.0,0
233,-17.434554973821996,-62.5,1.5,0.0,,0,0,0.0,0
234,-16.492146596858646,-62.5,1.5,46.19640958150241,,0,0,0.0,0
235,-15.549738219895294,-62.5,1.5,65.01192368016495,,0,0,0.0,0
236,-14.607329842931941,-62.5,1.5,69.51768366083328,,0,0,0.0,0
237,-13.664921465968591,-62.5,1.5,74.00043837249419,,0,0,0.0,0
238,-12.72251308900524,-62.5,1.5,77.81401260204174,,0,0,0.0,0
239,-11.780104712041888,-62.5,1.5,90.84437401274548,,0,0,0.0,0
240,-10.837696335078537,-62.5,1.5,83.88928928984151,,0,0,0.0,0
241,-9.895287958115185,-62.5,1.5,122.57241445123485,,0,1,0.0,1
242,-8.952879581151834,-62.5,1.5,115.98055573826646,,2,1,0.0,1
243,-8.010471204188482,-62.5,1.5,110.99001873493896,,1,1,0.0,1
244,-7.0680628272251305,-62.5,1.5,110.27169319328152,,1,1,0.0,1
245,-6.12565445026178,-62.5,1.5,112.3792639204698,,2,1,0.0,1
246,-5.183246073298429,-62.5,1.5,116.38063074777615,,2,2,0.0,3
247,-4.2408376963350785,-62.5,1.5,121.10664364940206,,2,2,0.0,3
248,-3.298429319371728,-62.5,1.5,125.88439056345354,,2,2,0.0,3
249,-2.356020942408377,-62.5,1.5,133.01046596305326,,3,2,0.3333333333333333,3
250,-1.4136125654450262,-62.5,1.5,154.0061420646658,,4,4,0.13333333333333333,8
251,-0.4712041884816754,-62.5,1.5,148.1881260043044,,4,3,0.2,6
252,0.4712041884816754,-62.5,1.5,92.32370272566295,,1,4,0.16666666666666666,8
253,1.4136125654450262,-62.5,1.5,144.3845554376047,,4,3,0.15,6
254,2.356020942408377,-62.5,1.5,141.81682035333807,,5,2,0.25,3
255,3.298429319371728,-62.5,1.5,120.61337439807221,,4,1,0.5,1
256,-18.376963350785346,-61.25,1.5,0.0,,0,0,0.0,0
257,-17.434554973821996,-61.25,1.5,2.198074309528332,,0,0,0.0,0
258,-16.492146596858646,-61.25,1.5,40.79024652510899,,0,0,0.0,0
259,-15.549738219895294,-61.25,1.5,50.5100171862019,,0,0,0.0,0
260,-14.607329842931941,-61.25,1.5,59.5326296211281,,0,0,0.0,0
261,-13.664921465968591,-61.25,1.5,75.30175625704237,,0,0,0.0,0
262,-12.72251308900524,-61.25,1.5,47.06512516748948,,0,0,0.0,0
263,-11.780104712041888,-61.25,1.5,108.08430325991877,,0,0,0.0,0
264,-10.837696335078537,-61.25,1.5,111.1917967744968,,1,1,0.0,1
265,-9.895287958115185,-61.25,1.5,103.20402740749668,,1,1,0.0,1
266,-8.952879581151834,-61.25,1.5,109.89167944134738,,1,1,0.0,1
267,-8.010471204188482,-61.25,1.5,102.63246153371469,,1,1,0.0,1
268,-7.0680628272251305,-61.25,1.5,101.42373099123756,,1,1,0.0,1
269,-6.12565445026178,-61.25,1.5,103.72199989946023,,1,1,0.0,1
270,-5.183246073298429,-61.25,1.5,104.17943657255196,,2,1,0.0,1
271,-4.2408376963350785,-61.25,1.5,94.75274904044274,,2,1,0.0,1
272,-3.298429319371728,-61.25,1.5,102.52175569037429,,2,1,0.0,1
273,-2.356020942408377,-61.25,1.5,101.46330148399647,,1,1,0.0,1
274,-1.4136125654450262,-61.25,1.5,133.192007204825,,2,2,0.0,3
275,-0.4712041884816754,-61.25,1.5,142.63455726322806,,3,3,0.16666666666666666,5
276,0.4712041884816754,-61.25,1.5,136.10908727840956,,4,4,0.06666666666666667,7
277,1.4136125654450262,-61.25,1.5,124.5602828297563,,3,2,0.16666666666666666,3
278,2.356020942408377,-61.25,1.5,114.21773716278511,,4,1,0.16666666666666666,1
279,3.298429319371728,-61.25,1.5,15.718007914309704,,0,0,0.0,0
280,4.2408376963350785,-61.25,1.5,11.942662691570881,,0,0,0.0,0
281,-15.549738219895294,-60.0,1.5,0.0,,0,0,0.0,0
282,-14.607329842931941,-60.0,1.5,31.947890528176305,,0,0,0.0,0
283,-13.664921465968591,-60.0,1.5,55.156580079312015,,0,0,0.0,0
284,-12.72251308900524,-60.0,1.5,87.51256195893247,,0,0,0.0,0
285,-11.780104712041888,-60.0,1.5,87.78406111232938,,1,1,0.0,1
286,-10.837696335078537,-60.0,1.5,86.45174819173101,,0,0,0.0,0
287,-9.895287958115185,-60.0,1.5,85.21207106815477,,0,0,0.0,0
288,-8.952879581151834,-60.0,1.5,90.06288891033465,,1,1,0.0,1
289,-8.010471204188482,-60.0,1.5,,,0,0,0.0,0
290,-7.0680628272251305,-60.0,1.5,91.58202669339653,,1,1,0.0,1
291,-6.12565445026178,-60.0,1.5,92.27021298310333,,1,1,0.0,1
292,-5.183246073298429,-60.0,1.5,90.54805228456493,,1,1,0.0,1
293,-4.2408376963350785,-60.0,1.5,79.02958933392264,,1,1,0.0,1
294,-3.298429319371728,-60.0,1.5,91.27761394878796,,1,1,0.0,1
295,-2.356020942408377,-60.0,1.5,90.04535506640124,,1,1,0.0,1
296,-1.4136125654450262,-60.0,1.5,106.26061051915781,,2,2,0.0,3
297,-0.4712041884816754,-60.0,1.5,129.26226362589836,,2,3,0.0,5
298,0.4712041884816754,-60.0,1.5,123.43601243076778,,3,1,0.0,1
299,1.4136125654450262,-60.0,1.5,112.36627897776577,,2,1,0.0,1
300,2.356020942408377,-60.0,1.5,89.88296476473656,,0,0,0.0,0
301,3.298429319371728,-60.0,1.5,25.670254687145434,,0,0,0.0,0
302,4.2408376963350785,-60.0,1.5,22.72148651281944,,0,0,0.0,0
303,5.183246073298429,-60.0,1.5,41.84067609067617,,0,0,0.0,0
304,-13.664921465968591,-58.75,1.5,0.0,,0,0,0.0,0
305,-12.72251308900524,-58.75,1.5,48.27057547989813,,0,0,0.0,0
306,-11.780104712041888,-58.75,1.5,73.36786351044745,,0,0,0.0,0
307,-10.837696335078537,-58.75,1.5,77.26684665222903,,0,0,0.0,0
308,-9.895287958115185,-58.75,1.5,89.08039029694254,,1,1,0.0,1
309,-8.952879581151834,-58.75,1.5,91.55473366005394,,1,1,0.0,1
310,-8.010471204188482,-58.75,1.5,90.97091698935309,,1,1,0.0,1
311,-7.0680628272251305,-58.75,1.5,85.79582897824024,,1,1,0.0,1
312,-6.12565445026178,-58.75,1.5,87.09105658315276,,1,1,0.0,1
313,-5.183246073298429,-58.75,1.5,79.86829965572066,,1,1,0.0,1
314,-4.2408376963350785,-58.75,1.5,68.3461217144663,,1,1,0.0,1
315,-3.298429319371728,-58.75,1.5,74.50392116827875,,1,1,0.0,1
316,-2.356020942408377,-58.75,1.5,67.8089134073474,,1,1,0.0,1
317,-1.4136125654450262,-58.75,1.5,81.9828190820054,,2,1,0.0,1
318,-0.4712041884816754,-58.75,1.5,105.27682947703329,,2,2,0.0,3
319,0.4712041884816754,-58.75,1.5,107.87884206674637,,1,2,0.0,3
320,-13.664921465968591,-57.5,1.5,57.75974386133232,,0,0,0.0,0
321,-12.72251308900524,-57.5,1.5,67.46296538415235,,0,0,0.0,0
322,-11.780104712041888,-57.5,1.5,63.742975624316365,,0,0,0.0,0
323,-10.837696335078537,-57.5,1.5,65.92680281886226,,0,0,0.0,0
324,-9.895287958115185,-57.5,1.5,74.11788888699252,,0,0,0.0,0
325,-8.952879581151834,-57.5,1.5,93.7096031827484,,1,1,0.0,1
326,-8.010471204188482,-57.5,1.5,96.37422833851211,,1,1,0.0,1
327,-7.0680628272251305,-57.5,1.5,87.71369149943767,,1,1,0.0,1
328,-6.12565445026178,-57.5,1.5,85.9883264281997,,1,1,0.0,1
329,-5.183246073298429,-57.5,1.5,67.31487474154149,,0,0,0.0,0
330,-4.2408376963350785,-57.5,1.5,49.44089720745672,,0,0,0.0,0
331,-3.298429319371728,-57.5,1.5,47.500867387577316,,0,0,0.0,0
332,-2.356020942408377,-57.5,1.5,36.5428935990963,,0,0,0.0,0
333,-1.4136125654450262,-57.5,1.5,60.714260095965855,,0,0,0.0,0
334,-0.4712041884816754,-57.5,1.5,78.8736117551197,,2,1,0.0,1
335,0.4712041884816754,-57.5,1.5,73.69491068776578,,2,1,0.0,1
336,1.4136125654450262,-57.5,1.5,60.83980221288168,,0,0,0.0,0
337,-13.664921465968591,-56.25,1.5,70.47640168512753,,0,0,0.0,0
338,-12.72251308900524,-56.25,1.5,37.23176325893131,,0,0,0.0,0
339,-11.780104712041888,-56.25,1.5,53.9513746959649,,0,0,0.0,0
340,-10.837696335078537,-56.25,1.5,50.9540104824755,,0,0,0.0,0
341,-9.895287958115185,-56.25,1.5,47.74649741872775,,0,0,0.0,0
342,-8.952879581151834,-56.25,1.5,78.55632197934503,,1,1,0.0,1
343,-8.010471204188482,-56.25,1.5,73.45155861382268,,0,0,0.0,0
344,-7.0680628272251305,-56.25,1.5,67.46683639129665,,0,0,0.0,0
345,-6.12565445026178,-56.25,1.5,62.77197537181898,,0,0,0.0,0
346,-5.183246073298429,-56.25,1.5,49.28831981955538,,0,0,0.0,0
347,-4.2408376963350785,-56.25,1.5,34.955149473828655,,0,0,0.0,0
348,-3.298429319371728,-56.25,1.5,29.0180168843405,,0,0,0.0,0
349,-2.356020942408377,-56.25,1.5,27.09390547104522,,0,0,0.0,0
350,-1.4136125654450262,-56.25,1.5,37.24544166689999,,0,0,0.0,0
351,-0.4712041884816754,-56.25,1.5,40.65558922019465,,0,0,0.0,0
352,0.4712041884816754,-56.25,1.5,31.2009898682884,,0,0,0.0,0
353,1.4136125654450262,-56.25,1.5,29.66913820265147,,0,0,0.0,0
354,-14.607329842931941,-55.0,1.5,0.0,,0,0,0.0,0
355,-13.664921465968591,-55.0,1.5,26.592424638665666,,0,0,0.0,0
356,-12.72251308900524,-55.0,1.5,50.00837835320203,,0,0,0.0,0
357,-11.780104712041888,-55.0,1.5,47.25340323820975,,0,0,0.0,0
358,-10.837696335078537,-55.0,1.5,36.37101515574227,,0,0,0.0,0
359,-9.895287958115185,-55.0,1.5,37.01463788372332,,0,0,0.0,0
360,-8.952879581151834,-55.0,1.5,53.991686504767664,,0,0,0.0,0
361,-8.010471204188482,-55.0,1.5,48.71467534174775,,0,0,0.0,0
362,-7.0680628272251305,-55.0,1.5,44.55421574690124,,0,0,0.0,0
363,-6.12565445026178,-55.0,1.5,43.53245565093862,,0,0,0.0,0
364,-5.183246073298429,-55.0,1.5,36.06702178865432,,0,0,0.0,0
365,-4.2408376963350785,-55.0,1.5,24.784305653917492,,0,0,0.0,0
366,-3.298429319371728,-55.0,1.5,19.18127961329166,,0,0,0.0,0
367,-2.356020942408377,-55.0,1.5,15.142676694554497,,0,0,0.0,0
368,-1.4136125654450262,-55.0,1.5,16.03307268029576,,0,0,0.0,0
369,-0.4712041884816754,-55.0,1.5,16.327601572778132,,0,0,0.0,0
370,0.4712041884816754,-55.0,1.5,12.875980819831279,,0,0,0.0,0
371,1.4136125654450262,-55.0,1.5,13.103535186304626,,0,0,0.0,0
372,2.356020942408377,-55.0,1.5,14.178422469234352,,0,0,0.0,0
373,-14.607329842931941,-53.75,1.5,0.0,,0,0,0.0,0
374,-13.664921465968591,-53.75,1.5,0.0,,0,0,0.0,0
375,-12.72251308900524,-53.75,1.5,43.34532187681058,,0,0,0.0,0
376,-11.780104712041888,-53.75,1.5,42.716517158264764,,0,0,0.0,0
377,-10.837696335078537,-53.75,1.5,49.31727072384324,,0,0,0.0,0
378,-9.895287958115185,-53.75,1.5,46.03701793212313,,0,0,0.0,0
379,-8.952879581151834,-53.75,1.5,39.556009258382275,,0,0,0.0,0
380,-8.010471204188482,-53.75,1.5,36.87044570725935,,0,0,0.0,0
381,-7.0680628272251305,-53.75,1.5,34.033512097608934,,0,0,0.0,0
382,-6.12565445026178,-53.75,1.5,32.673743654559594,,0,0,0.0,0
383,-5.183246073298429,-53.75,1.5,26.232216344219836,,0,0,0.0,0
384,-4.2408376963350785,-53.75,1.5,18.943901546841197,,0,0,0.0,0
385,-3.298429319371728,-53.75,1.5,14.752293331091556,,0,0,0.0,0
386,-2.356020942408377,-53.75,1.5,15.649634252001613,,0,0,0.0,0
387,-1.4136125654450262,-53.75,1.5,13.666971064639688,,0,0,0.0,0
388,-0.4712041884816754,-53.75,1.5,10.397204554269637,,0,0,0.0,0
389,0.4712041884816754,-53.75,1.5,7.941542363375487,,0,0,0.0,0
390,1.4136125654450262,-53.75,1.5,7.903166349414209,,0,0,0.0,0
391,2.356020942408377,-53.75,1.5,9.067195675481521,,0,0,0.0,0
392,-13.664921465968591,-52.5,1.5,0.0,,0,0,0.0,0
393,-12.72251308900524,-52.5,1.5,20.887057918315172,,0,0,0.0,0
394,-11.780104712041888,-52.5,1.5,38.470194582389475,,0,0,0.0,0
395,-10.837696335078537,-52.5,1.5,31.820431560811777,,0,0,0.0,0
396,-9.895287958115185,-52.5,1.5,38.84742872722871,,0,0,0.0,0
397,-8.952879581151834,-52.5,1.5,32.4892193764858,,0,0,0.0,0
398,-8.010471204188482,-52.5,1.5,29.222751177806355,,0,0,0.0,0
399,-7.0680628272251305,-52.5,1.5,29.21638304537554,,0,0,0.0,0
400,-6.12565445026178,-52.5,1.5,24.2972491695656,,0,0,0.0,0
401,-5.183246073298429,-52.5,1.5,18.34620162606119,,0,0,0.0,0
402,-4.2408376963350785,-52.5,1.5,15.09236511409001,,0,0,0.0,0
403,-3.298429319371728,-52.5,1.5,12.372794098317797,,0,0,0.0,0
404,-2.356020942408377,-52.5,1.5,12.07359103732128,,0,0,0.0,0
405,-1.4136125654450262,-52.5,1.5,10.722761380636264,,0,0,0.0,0
406,-0.4712041884816754,-52.5,1.5,9.45109978460285,,0,0,0.0,0
407,0.4712041884816754,-52.5,1.5,6.63379625874159,,0,0,0.0,0
408,-8.952879581151834,-51.25,1.5,26.629246182880323,,0,0,0.0,0
409,-8.010471204188482,-51.25,1.5,23.53844603338778,,0,0,0.0,0
410,-7.0680628272251305,-51.25,1.5,21.017831901126044,,0,0,0.0,0
411,-5.183246073298429,-51.25,1.5,12.369709847242651,,0,0,0.0,0
412,-4.2408376963350785,-51.25,1.5,12.00283040449782,,0,0,0.0,0
413,-3.298429319371728,-51.25,1.5,10.978007533619671,,0,0,0.0,0
414,-2.356020942408377,-51.25,1.5,9.76687716316061,,0,0,0.0,0
415,-3.298429319371728,-50.0,1.5,8.704119550386821,,0,0,0.0,0
