node_id,lat,lon,threshold,prec,evap,in_degree,out_degree,clustering,ffl
0,-6.12565445026178,-78.75,1.0,143.14992007420105,40.31606558647392,5,5,0.48148148148148145,17
1,-5.183246073298429,-78.75,1.0,166.36762721439266,74.27811612195454,6,9,0.36363636363636365,49
2,-4.2408376963350785,-78.75,1.0,190.61071270623358,61.80863635996,4,9,0.48148148148148145,49
3,-3.298429319371728,-78.75,1.0,188.09608500157418,47.908535140047746,6,7,0.42592592592592593,29
4,-2.356020942408377,-78.75,1.0,224.380982679347,83.03212861879729,5,17,0.300531914893617,115
5,-1.4136125654450262,-78.75,1.0,252.64759334368364,77.55934020067798,4,15,0.34328358208955223,92
6,-8.952879581151834,-77.5,1.0,165.43968207755532,77.8417230135475,5,11,0.449438202247191,62
7,-8.010471204188482,-77.5,1.0,154.89878658477065,69.76867143009659,5,11,0.4222222222222222,58
8,-7.0680628272251305,-77.5,1.0,166.22292115593012,58.64870994341962,7,9,0.3791208791208791,36
9,-6.12565445026178,-77.5,1.0,184.39490578035597,39.14677201892673,9,7,0.36666666666666664,24
10,-5.183246073298429,-77.5,1.0,211.3623416474717,84.18307390038349,11,13,0.2608695652173913,81
11,-4.2408376963350785,-77.5,1.0,204.42664387612064,103.61967727767664,8,13,0.27218934911242604,75
12,-3.298429319371728,-77.5,1.0,213.88607377664272,66.6416862773806,9,7,0.4375,32
13,-2.356020942408377,-77.5,1.0,226.2791029585041,68.73097213658632,8,9,0.3786407766990291,46
14,-1.4136125654450262,-77.5,1.0,241.87929424766543,51.383304908911605,5,9,0.43846153846153846,46
15,-0.4712041884816754,-77.5,1.0,229.63011437351355,53.17342223224945,4,11,0.36538461538461536,51
16,0.4712041884816754,-77.5,1.0,198.86294015763806,57.10269083483699,3,8,0.3194444444444444,24
17,-10.837696335078537,-76.25,1.0,183.4320719605049,59.67798454204485,3,20,0.3397129186602871,155
18,-9.895287958115185,-76.25,1.0,242.1869125989223,58.35347485818256,4,19,0.3357142857142857,132
19,-8.952879581151834,-76.25,1.0,296.7291063406325,46.89656515332015,6,16,0.3386243386243386,93
20,-8.010471204188482,-76.25,1.0,236.4227318230726,84.45787726607239,10,14,0.3246753246753247,67
21,-7.0680628272251305,-76.25,1.0,191.24821180389202,74.01191719092569,12,5,0.40476190476190477,15
22,-6.12565445026178,-76.25,1.0,194.55863512383468,63.90995134530675,16,3,0.37777777777777777,7
23,-5.183246073298429,-76.25,1.0,205.6607112537543,110.93022774743969,17,10,0.2802013422818792,49
24,-4.2408376963350785,-76.25,1.0,187.50184705837367,115.96814770638875,12,15,0.26013513513513514,93
25,-3.298429319371728,-76.25,1.0,188.35530227524566,115.7915470184119,11,14,0.3032128514056225,80
26,-2.356020942408377,-76.25,1.0,188.28627235179613,113.76170445444203,14,11,0.2788844621513944,55
27,-1.4136125654450262,-76.25,1.0,178.98959763855788,113.56453076031485,14,9,0.27751196172248804,37
28,-0.4712041884816754,-76.25,1.0,185.0653892620962,101.49042760370035,10,7,0.375,26
29,0.4712041884816754,-76.25,1.0,212.06554943487663,90.722231695227,7,8,0.37662337662337664,27
30,1.4136125654450262,-76.25,1.0,152.49149194676752,15.172194132089855,3,0,0.5,0
31,-13.664921465968591,-75.0,1.0,135.03436574814154,75.66776372148328,6,8,0.4453125,38
32,-12.72251308900524,-75.0,1.0,170.8485621532433,50.563326579817634,5,16,0.34615384615384615,113
33,-11.780104712041888,-75.0,1.0,265.15476765635657,47.070577016513255,4,22,0.3134057971014493,182
34,-10.837696335078537,-75.0,1.0,364.418356113889,48.61344536620089,7,19,0.32,135
35,-9.895287958115185,-75.0,1.0,311.1483312744174,77.97569998120143,9,15,0.3225108225108225,80
36,-8.952879581151834,-75.0,1.0,226.75872227473363,56.38764998594925,17,4,0.32748538011695905,9
37,-8.010471204188482,-75.0,1.0,198.43687332017515,85.25846925206048,18,7,0.33134920634920634,30
38,-7.0680628272251305,-75.0,1.0,201.81690245595246,110.83672816321449,18,10,0.3065015479876161,53
39,-6.12565445026178,-75.0,1.0,212.64550735369542,110.85600932438088,18,11,0.28653295128939826,61
40,-5.183246073298429,-75.0,1.0,225.52366104532928,111.98749730068198,16,13,0.2693409742120344,75
41,-4.2408376963350785,-75.0,1.0,239.82121185356888,111.27332449993622,14,18,0.22916666666666666,115
42,-3.298429319371728,-75.0,1.0,232.94461439312187,111.28724224885634,8,15,0.2995169082125604,89
43,-2.356020942408377,-75.0,1.0,215.40345145954214,107.32300611212688,11,13,0.2807017543859649,68
44,-1.4136125654450262,-75.0,1.0,193.56746154054545,105.88123543893292,11,14,0.24,70
45,-0.4712041884816754,-75.0,1.0,166.87858629029003,103.3944499248451,12,10,0.2698412698412698,41
46,0.4712041884816754,-75.0,1.0,139.5237143844194,106.3944083532908,11,5,0.3626373626373626,12
47,1.4136125654450262,-75.0,1.0,125.06005058437361,44.79841453996486,7,1,0.5333333333333333,1
48,2.356020942408377,-75.0,1.0,108.1027882174356,9.82009338781506,1,0,0.0,0
49,-14.607329842931941,-73.75,1.0,152.66964796793047,72.60057860839879,6,8,0.5,36
50,-13.664921465968591,-73.75,1.0,167.86848508113002,50.490378973426836,6,10,0.45555555555555555,52
51,-12.72251308900524,-73.75,1.0,354.24398103827485,64.91094671815466,9,23,0.2863741339491917,190
52,-11.780104712041888,-73.75,1.0,338.7943224234816,78.77518904228282,12,24,0.23975044563279857,172
53,-10.837696335078537,-73.75,1.0,258.7997982466969,93.65483126328884,16,11,0.325,55
54,-9.895287958115185,-73.75,1.0,224.34421965667227,103.34762985304972,19,10,0.32521489971346706,47
55,-8.952879581151834,-73.75,1.0,214.10221528580686,101.5392249637923,20,11,0.3014888337468983,61
56,-8.010471204188482,-73.75,1.0,217.6504290365145,96.74356043266287,20,14,0.2520242914979757,87
57,-7.0680628272251305,-73.75,1.0,242.3051377591624,111.08595842055205,16,15,0.2400990099009901,93
58,-6.12565445026178,-73.75,1.0,255.30993892168837,113.04307918404072,12,14,0.2791970802919708,85
59,-5.183246073298429,-73.75,1.0,249.5375783008143,106.14194705611631,10,13,0.3293269230769231,77
60,-4.2408376963350785,-73.75,1.0,250.92483325715432,108.64354348401858,12,13,0.28087649402390436,71
61,-3.298429319371728,-73.75,1.0,241.75509869996552,110.86259234928015,10,14,0.26956521739130435,78
62,-2.356020942408377,-73.75,1.0,212.60220366232932,110.7416442487075,10,11,0.2777777777777778,47
63,-1.4136125654450262,-73.75,1.0,189.1642986811988,95.22416895167612,11,6,0.32857142857142857,18
64,-0.4712041884816754,-73.75,1.0,166.88010415414823,101.9058413222365,8,7,0.28846153846153844,21
65,0.4712041884816754,-73.75,1.0,142.9065049613896,101.34529116050061,12,4,0.33516483516483514,9
66,1.4136125654450262,-73.75,1.0,117.30127671833368,100.13149733442017,12,2,0.4015151515151515,3
67,-14.607329842931941,-72.5,1.0,197.97745466547292,53.796876867285995,3,27,0.31117021276595747,239
68,-13.664921465968591,-72.5,1.0,261.82466499503494,53.8171518139369,4,16,0.4309210526315789,112
69,-12.72251308900524,-72.5,1.0,350.1298040719398,70.50488828845232,8,18,0.3351449275362319,123
70,-11.780104712041888,-72.5,1.0,274.5027656824803,95.02530404435437,15,10,0.373015873015873,52
71,-10.837696335078537,-72.5,1.0,213.41269588934742,106.05964357534242,20,9,0.36637931034482757,49
72,-9.895287958115185,-72.5,1.0,209.37578662187963,110.31243604811607,18,10,0.3644859813084112,57
73,-8.952879581151834,-72.5,1.0,215.79993439367541,111.50622911731676,15,12,0.30134680134680136,65
74,-8.010471204188482,-72.5,1.0,228.76523633035626,63.68664720887493,14,7,0.35502958579881655,31
75,-7.0680628272251305,-72.5,1.0,247.08703055129826,97.26620982436938,9,12,0.3165680473372781,64
76,-6.12565445026178,-72.5,1.0,259.3315544644012,113.56672418588518,11,13,0.28602620087336245,75
77,-5.183246073298429,-72.5,1.0,276.0229933479977,112.74851664338111,11,12,0.291866028708134,64
78,-4.2408376963350785,-72.5,1.0,277.8261392026348,98.54550150600511,10,11,0.30701754385964913,58
79,-3.298429319371728,-72.5,1.0,251.05202986141282,110.17561774587247,10,13,0.2785714285714286,75
80,-2.356020942408377,-72.5,1.0,232.15900168259805,104.900373691596,8,12,0.2875816993464052,61
81,-1.4136125654450262,-72.5,1.0,207.18485462859212,108.03861973579454,9,10,0.25735294117647056,42
82,-0.4712041884816754,-72.5,1.0,172.96237632532348,102.56710115462879,9,7,0.24725274725274726,24
83,0.4712041884816754,-72.5,1.0,143.13687694721014,98.07762446317933,6,5,0.2777777777777778,12
84,1.4136125654450262,-72.5,1.0,126.76825175611425,96.74504441293138,8,2,0.30357142857142855,3
85,-14.607329842931941,-71.25,1.0,218.99823943108416,42.97852532927409,3,36,0.2522590361445783,352
86,-13.664921465968591,-71.25,1.0,344.904515574303,71.8159678273353,6,29,0.31202290076335876,281
87,-12.72251308900524,-71.25,1.0,358.9074382465319,70.74169878968908,10,14,0.37662337662337664,82
88,-11.780104712041888,-71.25,1.0,236.30645821319493,103.90683787933085,16,8,0.37554585152838427,39
89,-10.837696335078537,-71.25,1.0,204.3419417872809,107.84494646941312,19,11,0.32219251336898397,63
90,-9.895287958115185,-71.25,1.0,209.77051354720712,111.58034865238965,14,12,0.3413284132841328,70
91,-8.952879581151834,-71.25,1.0,219.61841719459647,103.44791345715703,11,11,0.31117021276595747,56
92,-8.010471204188482,-71.25,1.0,226.8461310795901,51.01251613552062,11,4,0.37662337662337664,12
93,-7.0680628272251305,-71.25,1.0,246.08984894817453,111.57252380561877,11,12,0.28365384615384615,65
94,-6.12565445026178,-71.25,1.0,262.013842410866,113.11117414727482,12,12,0.2925764192139738,72
95,-5.183246073298429,-71.25,1.0,277.2024257221088,112.51020109603454,9,15,0.29130434782608694,97
96,-4.2408376963350785,-71.25,1.0,270.2947554406843,107.77702509008483,11,12,0.2857142857142857,73
97,-3.298429319371728,-71.25,1.0,256.72434937153076,110.43233939609425,11,13,0.2792207792207792,84
98,-2.356020942408377,-71.25,1.0,243.01993790089728,105.32672589952242,11,12,0.2833333333333333,71
99,-1.4136125654450262,-71.25,1.0,227.71614777361555,107.8431940239416,11,13,0.24242424242424243,77
100,-0.4712041884816754,-71.25,1.0,200.92874548953728,102.73637927341042,9,9,0.25,40
101,0.4712041884816754,-71.25,1.0,162.18011099178335,97.14343683648622,6,8,0.22727272727272727,32
102,1.4136125654450262,-71.25,1.0,132.65704407431932,84.64046589298682,4,2,0.25,3
103,-13.664921465968591,-70.0,1.0,400.5966089080704,70.76865875273573,6,24,0.30238726790450926,180
104,-12.72251308900524,-70.0,1.0,309.6795845463592,62.90654828139298,11,6,0.4523809523809524,21
105,-11.780104712041888,-70.0,1.0,211.4509015048956,102.60174664397813,14,8,0.35638297872340424,37
106,-10.837696335078537,-70.0,1.0,198.50152005240733,74.14040875374928,12,6,0.3813559322033898,24
107,-9.895287958115185,-70.0,1.0,211.81822572066622,109.33379859881168,12,13,0.28024193548387094,70
108,-8.952879581151834,-70.0,1.0,222.59866225056,86.51719137703552,7,8,0.40789473684210525,38
109,-8.010471204188482,-70.0,1.0,228.02851173560282,74.20366222628934,9,5,0.4,18
110,-7.0680628272251305,-70.0,1.0,242.58056700679225,106.80129039726661,11,12,0.25721153846153844,69
111,-6.12565445026178,-70.0,1.0,247.21743136572107,109.72207150720553,9,12,0.31952662721893493,72
112,-5.183246073298429,-70.0,1.0,257.7954143155309,110.49186894237948,8,13,0.3205882352941177,78
113,-4.2408376963350785,-70.0,1.0,265.7378148083683,96.28182092586256,13,12,0.2718253968253968,69
114,-3.298429319371728,-70.0,1.0,269.3749246860427,103.32163562576751,11,14,0.2916666666666667,92
115,-2.356020942408377,-70.0,1.0,268.6362602465335,105.8103108445296,10,16,0.26992753623188404,112
116,-1.4136125654450262,-70.0,1.0,248.91334461159843,102.95519203645038,9,13,0.3,80
117,-0.4712041884816754,-70.0,1.0,230.1698950039125,99.70813252562976,7,12,0.3014705882352941,71
118,0.4712041884816754,-70.0,1.0,197.15387607779658,94.95241594166305,7,10,0.2571428571428571,48
119,1.4136125654450262,-70.0,1.0,158.14347493376118,93.13181835519666,4,7,0.375,31
120,-15.549738219895294,-68.75,1.0,335.25721404945097,76.47221955676561,3,25,0.2907692307692308,202
121,-14.607329842931941,-68.75,1.0,360.3029396047542,73.84007464784627,5,23,0.2969230769230769,167
122,-13.664921465968591,-68.75,1.0,380.4396953738361,91.20731866110495,9,19,0.28615384615384615,119
123,-12.72251308900524,-68.75,1.0,229.92544783304086,93.26501345168175,15,8,0.3047619047619048,31
124,-11.780104712041888,-68.75,1.0,198.73509141523675,69.32280689642825,14,6,0.28618421052631576,22
125,-10.837696335078537,-68.75,1.0,199.3833434645204,42.52114062848899,10,2,0.38636363636363635,4
126,-9.895287958115185,-68.75,1.0,209.07601203843888,97.95399999953688,7,12,0.22556390977443608,51
127,-8.952879581151834,-68.75,1.0,215.00818283752943,60.386462749200525,5,4,0.5,12
128,-8.010471204188482,-68.75,1.0,231.00581881789128,109.60856574260049,8,14,0.2526595744680851,76
129,-7.0680628272251305,-68.75,1.0,243.33457788392062,108.72930693074517,10,14,0.2663755458515284,86
130,-6.12565445026178,-68.75,1.0,241.58592455526832,109.32349806437281,10,15,0.2908366533864542,99
131,-5.183246073298429,-68.75,1.0,259.2137096292698,109.22701368946741,11,14,0.29282868525896416,89
132,-4.2408376963350785,-68.75,1.0,270.83744182324733,108.36399873373887,12,14,0.28284671532846717,87
133,-3.298429319371728,-68.75,1.0,276.28165076243675,109.29122986772553,12,17,0.2636103151862464,119
134,-2.356020942408377,-68.75,1.0,288.6130958355642,108.47562853165948,13,20,0.24946004319654427,151
135,-1.4136125654450262,-68.75,1.0,286.0626062630048,105.03443087686053,11,19,0.26595744680851063,142
136,-0.4712041884816754,-68.75,1.0,260.8152641524316,100.44923263693613,8,15,0.30288461538461536,99
137,0.4712041884816754,-68.75,1.0,235.17522495276688,98.0284288726619,8,12,0.2847682119205298,66
138,1.4136125654450262,-68.75,1.0,208.02866786533409,94.51425017699076,7,8,0.36,36
139,2.356020942408377,-68.75,1.0,186.6091064440433,95.89546604880611,5,5,0.36538461538461536,16
140,-16.492146596858646,-67.5,1.0,273.5145008851176,61.62757213187344,1,9,0.4107142857142857,40
141,-15.549738219895294,-67.5,1.0,313.72848817072304,64.59009657820961,6,12,0.3416666666666667,58
142,-14.607329842931941,-67.5,1.0,241.70285906267662,83.60832920715127,12,6,0.37083333333333335,20
143,-13.664921465968591,-67.5,1.0,204.2379353832417,95.5659260265209,14,6,0.34539473684210525,23
144,-12.72251308900524,-67.5,1.0,190.43734426929225,108.74505209420326,16,8,0.2675438596491228,34
145,-11.780104712041888,-67.5,1.0,197.92389400192118,110.11015625274499,10,11,0.23053892215568864,47
146,-10.837696335078537,-67.5,1.0,202.52497115207944,66.5497844821941,7,5,0.3,10
147,-9.895287958115185,-67.5,1.0,204.02642516637655,20.257632388290446,5,0,0.45,0
148,-8.952879581151834,-67.5,1.0,206.14140682584585,84.1868930050818,7,6,0.24074074074074073,19
149,-8.010471204188482,-67.5,1.0,218.19025695758265,108.68344754754285,6,13,0.25555555555555554,66
150,-7.0680628272251305,-67.5,1.0,246.89671689258682,106.83854461481529,8,12,0.3190789473684211,68
151,-6.12565445026178,-67.5,1.0,256.29646090082446,106.12089473832256,10,13,0.3076923076923077,74
152,-5.183246073298429,-67.5,1.0,261.4043971531202,110.43922288740404,13,13,0.28284671532846717,73
153,-4.2408376963350785,-67.5,1.0,254.1865444279883,109.11141404808492,13,13,0.2755474452554745,70
154,-3.298429319371728,-67.5,1.0,241.77378892745958,108.37717889732276,12,14,0.29014598540145986,83
155,-2.356020942408377,-67.5,1.0,256.66221909084106,110.88142259751353,14,17,0.26113861386138615,107
156,-1.4136125654450262,-67.5,1.0,263.5544658386997,109.99040970054612,14,18,0.25519630484988454,115
157,-0.4712041884816754,-67.5,1.0,262.84369702835846,105.43811704267196,13,18,0.23514851485148514,108
158,0.4712041884816754,-67.5,1.0,246.43595595422718,102.55694153960724,9,15,0.2794759825327511,85
159,1.4136125654450262,-67.5,1.0,255.14075680890488,100.93763315964928,8,12,0.28,59
160,2.356020942408377,-67.5,1.0,260.3976841277067,101.09998806330586,5,11,0.23595505617977527,37
161,-18.376963350785346,-66.25,1.0,141.2281884949745,82.6456122021421,1,7,0.4,25
162,-17.434554973821996,-66.25,1.0,189.87166555657925,74.00570614900913,2,6,0.43333333333333335,20
163,-16.492146596858646,-66.25,1.0,247.74459273428417,92.54144740054127,4,14,0.2,61
164,-15.549738219895294,-66.25,1.0,210.28526813108041,101.76834636333788,10,8,0.2605042016806723,30
165,-14.607329842931941,-66.25,1.0,189.31941942460531,109.45333237118498,12,6,0.25210084033613445,24
166,-13.664921465968591,-66.25,1.0,183.38275077921037,73.189470918673,3,7,0.3888888888888889,30
167,-12.72251308900524,-66.25,1.0,184.08517936622007,113.6264695005957,9,10,0.24436090225563908,46
168,-11.780104712041888,-66.25,1.0,191.03056452466555,112.32355427431949,8,10,0.2457627118644068,38
169,-10.837696335078537,-66.25,1.0,201.35369846857103,91.98262480701834,8,7,0.2692307692307692,19
170,-9.895287958115185,-66.25,1.0,209.37525866324717,82.36442374108313,6,6,0.24444444444444444,17
171,-8.952879581151834,-66.25,1.0,223.94376660713573,88.83710724818643,5,8,0.22727272727272727,31
172,-8.010471204188482,-66.25,1.0,229.3193466474597,107.54027398565223,6,11,0.2571428571428571,53
173,-7.0680628272251305,-66.25,1.0,243.6904538099441,104.84989653271195,8,12,0.2875816993464052,67
174,-6.12565445026178,-66.25,1.0,259.73123937737137,105.92158599238027,10,12,0.29473684210526313,61
175,-5.183246073298429,-66.25,1.0,266.7047205379782,107.66020062396504,13,12,0.274703557312253,62
176,-4.2408376963350785,-66.25,1.0,253.31465375612802,108.37329495506351,13,12,0.2628458498023715,58
177,-3.298429319371728,-66.25,1.0,243.34715827623825,109.37998149133314,15,11,0.28363636363636363,51
178,-2.356020942408377,-66.25,1.0,230.89619209297845,113.0882610653486,16,13,0.27363896848137537,67
179,-1.4136125654450262,-66.25,1.0,214.76507164764158,110.78700245067012,14,14,0.279320987654321,67
180,-0.4712041884816754,-66.25,1.0,203.33496327193325,108.00513320939254,13,15,0.27314814814814814,74
181,0.4712041884816754,-66.25,1.0,202.56394104373882,104.2558444217787,14,15,0.23638968481375358,65
182,1.4136125654450262,-66.25,1.0,207.42841369998152,93.37272405722383,12,10,0.2553191489361702,36
183,2.356020942408377,-66.25,1.0,205.21820573369354,93.40603407384215,7,10,0.21634615384615385,22
184,-18.376963350785346,-65.0,1.0,147.42979635275958,96.96145709676193,2,5,0.3,13
185,-17.434554973821996,-65.0,1.0,155.13470737420263,54.48501260463433,5,3,0.3333333333333333,5
186,-16.492146596858646,-65.0,1.0,163.1277254079585,101.63744212259311,9,6,0.2012987012987013,15
187,-15.549738219895294,-65.0,1.0,167.6586576890647,85.96537106526274,5,4,0.23809523809523808,9
188,-14.607329842931941,-65.0,1.0,172.01497881694067,92.92467192128964,4,7,0.2222222222222222,27
189,-13.664921465968591,-65.0,1.0,176.7325399971324,91.83376160114038,3,9,0.32222222222222224,40
190,-12.72251308900524,-65.0,1.0,195.75734400759728,91.61087172953911,5,10,0.2922077922077922,45
191,-11.780104712041888,-65.0,1.0,192.90751117791459,111.27371649117659,8,9,0.2644230769230769,34
192,-10.837696335078537,-65.0,1.0,202.70944944300388,87.09517564474267,9,5,0.2878787878787879,12
193,-9.895287958115185,-65.0,1.0,213.765474809249,36.28073613965574,8,2,0.35714285714285715,3
194,-8.952879581151834,-65.0,1.0,236.84213400886625,91.34235639350987,6,9,0.16025641025641027,29
195,-8.010471204188482,-65.0,1.0,247.96675665796076,104.93683234110617,6,11,0.24761904761904763,50
196,-7.0680628272251305,-65.0,1.0,256.10319196027467,99.33881931949615,9,11,0.2777777777777778,59
197,-6.12565445026178,-65.0,1.0,267.49094108621006,106.05205183257466,11,14,0.26877470355731226,80
198,-5.183246073298429,-65.0,1.0,276.0294164358216,100.91624658285804,13,10,0.2785714285714286,46
199,-4.2408376963350785,-65.0,1.0,276.3056323606095,106.63817929224227,13,12,0.2549407114624506,55
200,-3.298429319371728,-65.0,1.0,250.62642210036017,107.49363624534345,14,9,0.2761904761904762,37
201,-2.356020942408377,-65.0,1.0,222.86181282102532,114.54929062295926,14,9,0.3047619047619048,37
202,-1.4136125654450262,-65.0,1.0,202.56711015732097,110.26636948355633,15,8,0.31666666666666665,27
203,-0.4712041884816754,-65.0,1.0,172.25830894688474,109.60930034963152,14,8,0.3236842105263158,24
204,0.4712041884816754,-65.0,1.0,149.7638687443029,102.30393805695752,13,7,0.3300653594771242,19
205,1.4136125654450262,-65.0,1.0,136.52290083390957,97.22200604187981,13,6,0.3014705882352941,13
206,-20.261780104712045,-63.75,1.0,93.1280502887255,15.57883677472623,0,0,0.0,0
207,-19.319371727748695,-63.75,1.0,96.64618130562181,64.57346237892688,3,2,0.5,4
208,-18.376963350785346,-63.75,1.0,95.7139793191249,79.56868409764142,5,3,0.17857142857142858,5
209,-17.434554973821996,-63.75,1.0,112.25860019968776,40.61301474089157,3,0,0.3333333333333333,0
210,-16.492146596858646,-63.75,1.0,131.98339242828618,95.24295614035675,1,3,0.0,5
211,-15.549738219895294,-63.75,1.0,144.54257498824992,104.22008634103646,2,3,0.0,5
212,-14.607329842931941,-63.75,1.0,150.9512385035405,108.26649918607734,2,4,0.25,10
213,-13.664921465968591,-63.75,1.0,172.9398927152849,97.52179981271445,4,7,0.2638888888888889,25
214,-12.72251308900524,-63.75,1.0,191.16301742021946,114.14812851824692,7,9,0.23333333333333334,36
215,-11.780104712041888,-63.75,1.0,196.66925169208352,86.19133188012638,7,6,0.2818181818181818,16
216,-10.837696335078537,-63.75,1.0,195.65326515710882,104.09983610397337,7,7,0.2196969696969697,16
217,-9.895287958115185,-63.75,1.0,213.74401389163833,51.97285042516818,6,4,0.23214285714285715,5
218,-8.952879581151834,-63.75,1.0,222.79678064767893,18.131737090120506,3,0,0.16666666666666666,0
219,-8.010471204188482,-63.75,1.0,240.92918018588432,57.749850892458504,5,4,0.38095238095238093,9
220,-7.0680628272251305,-63.75,1.0,265.2048199764977,89.91922062563015,10,10,0.2581699346405229,44
221,-6.12565445026178,-63.75,1.0,278.7021751086298,110.0610527921666,11,13,0.2619047619047619,71
222,-5.183246073298429,-63.75,1.0,287.0619981938147,106.22953366137152,14,14,0.23076923076923078,71
223,-4.2408376963350785,-63.75,1.0,277.478083517003,94.01033201198385,13,9,0.27631578947368424,33
224,-3.298429319371728,-63.75,1.0,254.70908654828992,109.53630563507932,12,11,0.2357142857142857,44
225,-2.356020942408377,-63.75,1.0,241.97629203807645,111.17942623130764,12,11,0.25952380952380955,52
226,-1.4136125654450262,-63.75,1.0,217.17630259056793,109.82585360512611,13,8,0.30116959064327486,28
227,-0.4712041884816754,-63.75,1.0,159.97908866991264,111.8498824008866,13,6,0.35294117647058826,13
228,0.4712041884816754,-63.75,1.0,116.71001957113154,106.77555926493424,14,4,0.3875,8
229,1.4136125654450262,-63.75,1.0,97.13592122181275,94.07791205275377,12,4,0.38461538461538464,6
230,3.298429319371728,-63.75,1.0,74.07905321651582,77.31344108757912,4,2,0.5,2
231,-19.319371727748695,-62.5,1.0,68.87426336608077,39.42745323339039,0,0,0.0,0
232,-18.376963350785346,-62.5,1.0,71.39871824540374,18.873320916964136,0,0,0.0,0
233,-17.434554973821996,-62.5,1.0,91.12910454731157,11.27056022433755,0,0,0.0,0
234,-16.492146596858646,-62.5,1.0,122.60676014399237,83.487952666918,1,2,0.0,3
235,-15.549738219895294,-62.5,1.0,133.1074847195084,88.9478220546651,2,2,0.0,3
236,-14.607329842931941,-62.5,1.0,144.23308715280749,104.25757616635111,2,4,0.25,10
237,-13.664921465968591,-62.5,1.0,167.6545186796196,112.8022572631104,5,7,0.2159090909090909,24
238,-12.72251308900524,-62.5,1.0,195.55798045554437,114.96081542746681,6,10,0.19444444444444445,34
239,-11.780104712041888,-62.5,1.0,200.77356887505343,67.79281660915909,5,5,0.26785714285714285,9
240,-10.837696335078537,-62.5,1.0,203.46639217260125,70.65705157819463,6,5,0.2361111111111111,9
241,-9.895287958115185,-62.5,1.0,216.9290983236171,2.591587222771412,5,0,0.3,0
242,-8.952879581151834,-62.5,1.0,215.78784457852524,60.892099754510575,5,4,0.11904761904761904,9
243,-8.010471204188482,-62.5,1.0,237.25559338719884,76.8673195828784,5,7,0.24444444444444444,24
244,-7.0680628272251305,-62.5,1.0,257.14762533511254,51.04169166827071,9,4,0.3181818181818182,9
245,-6.12565445026178,-62.5,1.0,276.17948653490225,92.03951985466406,12,11,0.2619047619047619,54
246,-5.183246073298429,-62.5,1.0,288.93533945156014,112.14376214054442,13,18,0.1896551724137931,91
247,-4.2408376963350785,-62.5,1.0,283.1191313696716,95.45659448796604,12,12,0.21428571428571427,42
248,-3.298429319371728,-62.5,1.0,279.7180444852062,108.82168567488732,12,14,0.18659420289855072,59
249,-2.356020942408377,-62.5,1.0,280.4883308979813,110.51953415810064,12,15,0.195,76
250,-1.4136125654450262,-62.5,1.0,241.49134018886485,106.19746926074147,14,9,0.26904761904761904,34
251,-0.4712041884816754,-62.5,1.0,167.97540151759625,110.75415059497891,14,6,0.28431372549019607,12
252,0.4712041884816754,-62.5,1.0,109.7289961431796,110.1305270730431,15,3,0.37916666666666665,3
253,1.4136125654450262,-62.5,1.0,83.7465686999503,102.1001929021082,13,3,0.3956043956043956,3
254,2.356020942408377,-62.5,1.0,74.21885505486644,74.06208565769931,7,1,0.48214285714285715,0
255,3.298429319371728,-62.5,1.0,54.92530422023,57.56955945955269,3,0,0.5,0
256,-18.376963350785346,-61.25,1.0,75.98694823344493,59.103497548426674,0,0,0.0,0
257,-17.434554973821996,-61.25,1.0,93.83780292179814,55.4700780078493,0,0,0.0,0
258,-16.492146596858646,-61.25,1.0,116.20923004407346,57.17033802462251,0,0,0.0,0
259,-15.549738219895294,-61.25,1.0,127.41511785728484,70.10262474843668,1,2,0.0,3
260,-14.607329842931941,-61.25,1.0,142.58764744745022,103.64141406501199,3,3,0.16666666666666666,7
261,-13.664921465968591,-61.25,1.0,161.3975748522539,110.9541066346645,3,7,0.18518518518518517,19
262,-12.72251308900524,-61.25,1.0,182.8853681559605,42.259427192759844,4,2,0.5,2
263,-11.780104712041888,-61.25,1.0,199.41418817358203,24.29837947844123,5,0,0.2,0
264,-10.837696335078537,-61.25,1.0,203.53336795139273,65.4980859396661,6,4,0.3148148148148148,13
265,-9.895287958115185,-61.25,1.0,219.41317376575924,82.8011007008612,6,7,0.42452830188679247,34
266,-8.952879581151834,-61.25,1.0,249.11185663505515,95.6548666688348,5,13,0.3547008547008547,77
267,-8.010471204188482,-61.25,1.0,265.01752067777693,82.8506120655985,6,9,0.28205128205128205,37
268,-7.0680628272251305,-61.25,1.0,281.38264221227575,100.30845720638217,7,11,0.2375,56
269,-6.12565445026178,-61.25,1.0,291.31121620581314,103.16952572349733,12,14,0.21920289855072464,73
270,-5.183246073298429,-61.25,1.0,285.829290962586,93.2407878891652,11,13,0.2510822510822511,61
271,-4.2408376963350785,-61.25,1.0,279.9565157919922,55.57050880881359,12,5,0.3047619047619048,10
272,-3.298429319371728,-61.25,1.0,291.1723367175551,59.959046858068675,10,6,0.2802197802197802,11
273,-2.356020942408377,-61.25,1.0,297.3759876013661,107.13468045108898,8,14,0.21578947368421053,64
274,-1.4136125654450262,-61.25,1.0,255.7531285687687,104.89911731370319,10,11,0.2309941520467836,43
275,-0.4712041884816754,-61.25,1.0,180.99624413686394,81.97265020644274,10,4,0.29545454545454547,8
276,0.4712041884816754,-61.25,1.0,114.45301938662998,82.76980179803293,11,1,0.3787878787878788,0
277,1.4136125654450262,-61.25,1.0,75.41872977683107,80.05686396698034,12,0,0.4393939393939394,0
278,2.356020942408377,-61.25,1.0,54.259627875462954,39.86927196452464,10,0,0.4666666666666667,0
279,3.298429319371728,-61.25,1.0,39.36543979429973,74.95534558290555,9,0,0.4444444444444444,0
280,4.2408376963350785,-61.25,1.0,29.247414864545487,75.75013651554141,2,0,0.5,0
281,-15.549738219895294,-60.0,1.0,130.7967895101453,70.81634831462077,1,3,0.0,5
282,-14.607329842931941,-60.0,1.0,148.40554956043803,69.29631072113581,2,2,0.0,3
283,-13.664921465968591,-60.0,1.0,162.0511323478245,64.90766949567438,4,2,0.16666666666666666,3
284,-12.72251308900524,-60.0,1.0,180.46175877844544,71.83478103565109,5,4,0.275,12
285,-11.780104712041888,-60.0,1.0,203.23877940138308,98.13669618742199,5,8,0.29245283018867924,29
286,-10.837696335078537,-60.0,1.0,227.99485397101793,110.55606197026701,5,12,0.3235294117647059,63
287,-9.895287958115185,-60.0,1.0,264.5880153986801,104.90547890979295,7,16,0.3131067961165049,107
288,-8.952879581151834,-60.0,1.0,293.93562517363506,109.10754529889464,8,19,0.3288135593220339,141
289,-8.010471204188482,-60.0,1.0,313.1921696292949,104.2310597826247,7,20,0.2936241610738255,147
290,-7.0680628272251305,-60.0,1.0,313.357611996477,48.11344791258725,8,5,0.35454545454545455,15
291,-6.12565445026178,-60.0,1.0,301.32437794817656,101.75482651226393,10,16,0.21557971014492755,96
292,-5.183246073298429,-60.0,1.0,283.7708106158469,102.44363042799137,12,14,0.23369565217391305,70
293,-4.2408376963350785,-60.0,1.0,275.12693322480413,46.42829945670834,12,4,0.34065934065934067,7
294,-3.298429319371728,-60.0,1.0,298.51667659184625,23.92957639716739,9,1,0.36666666666666664,0
295,-2.356020942408377,-60.0,1.0,303.20280578648214,24.858988022261496,7,1,0.375,1
296,-1.4136125654450262,-60.0,1.0,278.8597285499352,71.92244792990172,8,8,0.2967032967032967,29
297,-0.4712041884816754,-60.0,1.0,200.93113816691,93.84427034892643,10,6,0.27472527472527475,15
298,0.4712041884816754,-60.0,1.0,119.2242504931064,93.58188192582463,7,0,0.4523809523809524,0
299,1.4136125654450262,-60.0,1.0,75.48892908069308,23.83045315392847,2,0,0.5,0
300,2.356020942408377,-60.0,1.0,55.954335139277774,83.79757605383547,0,0,0.0,0
301,3.298429319371728,-60.0,1.0,42.5387521392185,82.9054566459471,2,0,0.5,0
302,4.2408376963350785,-60.0,1.0,34.56661584952681,88.64127145802078,3,0,0.6666666666666666,0
303,5.183246073298429,-60.0,1.0,52.993055909329584,87.13041923345871,2,0,0.5,0
304,-13.664921465968591,-58.75,1.0,198.69795937384748,103.66448553642486,1,8,0.3333333333333333,29
305,-12.72251308900524,-58.75,1.0,208.49027868644322,115.44838716901629,5,9,0.25,34
306,-11.780104712041888,-58.75,1.0,222.3504489470766,88.92660193658295,6,9,0.2532467532467532,35
307,-10.837696335078537,-58.75,1.0,244.9573091725173,66.1952168749383,6,4,0.4107142857142857,10
308,-9.895287958115185,-58.75,1.0,280.3990662036422,75.32892503299846,9,10,0.33955223880597013,55
309,-8.952879581151834,-58.75,1.0,318.1741291379637,101.7531670766646,10,22,0.3058139534883721,179
310,-8.010471204188482,-58.75,1.0,338.99439284123173,108.80759975837194,9,22,0.28836633663366334,177
311,-7.0680628272251305,-58.75,1.0,313.77292685800364,70.22369339286091,11,10,0.3128654970760234,46
312,-6.12565445026178,-58.75,1.0,297.26967542885285,109.50891257970288,10,18,0.22,105
313,-5.183246073298429,-58.75,1.0,297.24647684850294,116.11379878980229,11,19,0.19444444444444445,100
314,-4.2408376963350785,-58.75,1.0,274.4836011588208,73.4146462015517,13,9,0.25263157894736843,33
315,-3.298429319371728,-58.75,1.0,293.3832806641901,18.24223444246453,9,0,0.3611111111111111,0
316,-2.356020942408377,-58.75,1.0,303.77872954629976,73.46403081716207,8,10,0.22083333333333333,39
317,-1.4136125654450262,-58.75,1.0,296.03428027928936,104.84206094274026,7,17,0.16883116883116883,64
318,-0.4712041884816754,-58.75,1.0,223.66137001460532,107.47059374010637,9,9,0.24583333333333332,25
319,0.4712041884816754,-58.75,1.0,140.65155040264435,104.40033737060251,7,3,0.35714285714285715,5
320,-13.664921465968591,-57.5,1.0,202.1023017221338,104.25914627700793,2,7,0.3333333333333333,24
321,-12.72251308900524,-57.5,1.0,228.50256358155272,107.23285654487897,4,9,0.26851851851851855,33
322,-11.780104712041888,-57.5,1.0,232.17047192923914,53.40360199446467,7,4,0.3194444444444444,9
323,-10.837696335078537,-57.5,1.0,248.35489207466378,69.12914109629794,7,8,0.21153846153846154,27
324,-9.895287958115185,-57.5,1.0,269.66337915107744,50.61925049346506,9,5,0.35384615384615387,15
325,-8.952879581151834,-57.5,1.0,317.87249196842464,106.24126687343286,11,24,0.2609942638623327,190
326,-8.010471204188482,-57.5,1.0,339.75942933883493,110.07456975021502,10,22,0.2840646651270208,171
327,-7.0680628272251305,-57.5,1.0,311.2195310636133,112.38263439917773,10,18,0.2692307692307692,116
328,-6.12565445026178,-57.5,1.0,290.5465987827995,78.72965003086436,13,10,0.29523809523809524,46
329,-5.183246073298429,-57.5,1.0,283.0017432701385,115.96717931388703,13,15,0.2076923076923077,65
330,-4.2408376963350785,-57.5,1.0,263.8137452272616,94.70772270774545,10,14,0.22510822510822512,48
331,-3.298429319371728,-57.5,1.0,258.96416335197193,55.60976276405296,9,6,0.2948717948717949,15
332,-2.356020942408377,-57.5,1.0,285.5541816884103,100.71530164142017,7,14,0.14619883040935672,47
333,-1.4136125654450262,-57.5,1.0,270.3422946421622,108.1867849430015,8,16,0.1645021645021645,46
334,-0.4712041884816754,-57.5,1.0,202.79675475040068,104.28280305720052,8,8,0.26373626373626374,16
335,0.4712041884816754,-57.5,1.0,136.73566838411176,96.29592181271269,10,5,0.28205128205128205,6
336,1.4136125654450262,-57.5,1.0,93.20336238355965,58.383334282318295,4,0,0.5,0
337,-13.664921465968591,-56.25,1.0,209.572911003535,74.37675282077134,4,4,0.2857142857142857,11
338,-12.72251308900524,-56.25,1.0,233.48289549887758,75.00784212619021,5,5,0.25,11
339,-11.780104712041888,-56.25,1.0,239.2425254958523,27.928220126968085,6,2,0.4,3
340,-10.837696335078537,-56.25,1.0,246.0291654403515,52.869755465131476,6,5,0.1388888888888889,8
341,-9.895287958115185,-56.25,1.0,248.95968680273694,20.27299025898898,5,1,0.4166666666666667,1
342,-8.952879581151834,-56.25,1.0,294.79031754686457,107.27746283919946,8,18,0.30656934306569344,132
343,-8.010471204188482,-56.25,1.0,325.23794242905063,111.73016893616244,10,17,0.295,103
344,-7.0680628272251305,-56.25,1.0,300.36480240722074,97.02043310980558,11,14,0.32806324110671936,81
345,-6.12565445026178,-56.25,1.0,267.0713068477324,75.78557588331964,14,9,0.3404761904761905,37
346,-5.183246073298429,-56.25,1.0,244.31968477412735,62.19745492980128,15,4,0.31985294117647056,10
347,-4.2408376963350785,-56.25,1.0,230.2580719707255,60.62462866602224,11,4,0.3717948717948718,7
348,-3.298429319371728,-56.25,1.0,221.48327416885877,103.52862752435914,8,9,0.24761904761904763,20
349,-2.356020942408377,-56.25,1.0,232.64386970824881,66.42200275255766,7,6,0.22727272727272727,11
350,-1.4136125654450262,-56.25,1.0,194.49290194434099,113.2221402269819,8,9,0.23809523809523808,18
351,-0.4712041884816754,-56.25,1.0,136.63263118246022,88.38055656624131,9,4,0.2818181818181818,5
352,0.4712041884816754,-56.25,1.0,104.05607596086062,76.55705511920111,5,2,0.35714285714285715,0
353,1.4136125654450262,-56.25,1.0,81.16564884331808,97.2557793877786,5,0,0.5,0
354,-14.607329842931941,-55.0,1.0,186.75327363519176,97.810227522896,2,5,0.4444444444444444,16
355,-13.664921465968591,-55.0,1.0,220.43950436213612,112.87613597193956,5,10,0.23684210526315788,40
356,-12.72251308900524,-55.0,1.0,221.39829916312897,60.87406153771374,5,4,0.3333333333333333,9
357,-11.780104712041888,-55.0,1.0,222.69707005100275,24.99407624258656,6,1,0.3,1
358,-10.837696335078537,-55.0,1.0,218.49369763132884,17.18706926108362,2,0,0.0,0
359,-9.895287958115185,-55.0,1.0,227.45167387564672,25.347627454458255,4,2,0.08333333333333333,3
360,-8.952879581151834,-55.0,1.0,264.9257195902915,101.91297982774805,7,13,0.27450980392156865,68
361,-8.010471204188482,-55.0,1.0,291.25070395520225,76.8262823642995,8,9,0.4238095238095238,37
362,-7.0680628272251305,-55.0,1.0,280.324635586393,79.12748189600967,13,9,0.3631578947368421,39
363,-6.12565445026178,-55.0,1.0,251.75085509258955,107.754709510459,15,11,0.302536231884058,52
364,-5.183246073298429,-55.0,1.0,230.95638325956887,111.16804282797202,16,11,0.25333333333333335,45
365,-4.2408376963350785,-55.0,1.0,207.35378958992362,48.79285127653101,12,3,0.34615384615384615,4
366,-3.298429319371728,-55.0,1.0,184.26482747679114,49.100689710640495,10,3,0.34615384615384615,3
367,-2.356020942408377,-55.0,1.0,184.6902002808684,44.834907511071826,7,1,0.2857142857142857,0
368,-1.4136125654450262,-55.0,1.0,126.57934325216705,87.19270289120148,7,4,0.3472222222222222,5
369,-0.4712041884816754,-55.0,1.0,98.10498171914183,57.50865148614547,5,1,0.4,0
370,0.4712041884816754,-55.0,1.0,83.4252331411845,48.82178798291614,5,0,0.45,0
371,1.4136125654450262,-55.0,1.0,74.08773054217214,69.58384200380046,5,0,0.5,0
372,2.356020942408377,-55.0,1.0,67.84756426670364,43.94735030675143,0,0,0.0,0
373,-14.607329842931941,-53.75,1.0,194.13097742738003,119.61246817222833,2,7,0.375,27
374,-13.664921465968591,-53.75,1.0,194.4897387935188,105.37490396117168,5,8,0.32075471698113206,33
375,-12.72251308900524,-53.75,1.0,188.99752870113716,87.1812550845563,6,6,0.28888888888888886,16
376,-11.780104712041888,-53.75,1.0,193.6954542850574,87.19182855476217,6,7,0.20909090909090908,20
377,-10.837696335078537,-53.75,1.0,197.99475094079364,77.0960278382619,4,8,0.23333333333333334,28
378,-9.895287958115185,-53.75,1.0,209.7487905813745,70.85542377374351,4,8,0.25555555555555554,32
379,-8.952879581151834,-53.75,1.0,239.36134278277822,109.90732785021443,7,10,0.3,41
380,-8.010471204188482,-53.75,1.0,277.3222768596721,113.48420853742347,10,10,0.3235294117647059,40
381,-7.0680628272251305,-53.75,1.0,281.2096070002497,114.49154632789377,14,9,0.3357142857142857,35
382,-6.12565445026178,-53.75,1.0,260.1672265084108,113.92655256087866,16,9,0.3142292490118577,40
383,-5.183246073298429,-53.75,1.0,238.77613095779992,113.07581625127428,16,9,0.274703557312253,34
384,-4.2408376963350785,-53.75,1.0,203.21018507181734,51.611299098307946,17,3,0.2973856209150327,6
385,-3.298429319371728,-53.75,1.0,182.90459833499213,44.05653916964843,10,1,0.37272727272727274,1
386,-2.356020942408377,-53.75,1.0,141.90127685312808,57.618923741505235,9,2,0.2909090909090909,1
387,-1.4136125654450262,-53.75,1.0,103.84470830226213,81.00383780559994,7,2,0.3055555555555556,0
388,-0.4712041884816754,-53.75,1.0,85.15442546082501,61.14721900483101,5,0,0.45,0
389,0.4712041884816754,-53.75,1.0,72.96717862960531,51.85957706125812,5,0,0.5,0
390,1.4136125654450262,-53.75,1.0,69.73953225907916,53.859033584858444,3,0,0.5,0
391,2.356020942408377,-53.75,1.0,67.4336267806445,45.32276515344346,0,0,0.0,0
392,-13.664921465968591,-52.5,1.0,184.9215331323125,103.09470744007011,3,5,0.4642857142857143,16
393,-12.72251308900524,-52.5,1.0,183.70790037485716,84.33968775108679,6,3,0.4523809523809524,6
394,-11.780104712041888,-52.5,1.0,187.905408494199,93.52916986116335,7,4,0.3055555555555556,10
395,-10.837696335078537,-52.5,1.0,191.26677473235213,73.99597117533114,4,4,0.36666666666666664,10
396,-9.895287958115185,-52.5,1.0,200.7121130750007,99.20086937263832,6,7,0.2818181818181818,26
397,-8.952879581151834,-52.5,1.0,234.481678975799,111.62821581833818,7,6,0.3,17
398,-8.010471204188482,-52.5,1.0,276.4778205280969,114.04160806968025,11,6,0.3142857142857143,16
399,-7.0680628272251305,-52.5,1.0,287.1519056274903,111.05863760429908,13,5,0.3416666666666667,12
400,-6.12565445026178,-52.5,1.0,275.6656179229931,106.9071046072406,18,5,0.319047619047619,15
401,-5.183246073298429,-52.5,1.0,260.0139650869107,111.21261092858295,16,6,0.31842105263157894,19
402,-4.2408376963350785,-52.5,1.0,238.9585999972918,94.47599923190302,14,6,0.28431372549019607,16
403,-3.298429319371728,-52.5,1.0,205.45575130381636,67.1039478031336,9,3,0.37777777777777777,5
404,-2.356020942408377,-52.5,1.0,148.87454106939384,111.0068821562084,9,2,0.3194444444444444,3
405,-1.4136125654450262,-52.5,1.0,109.97642520741533,54.84905408952807,7,0,0.2857142857142857,0
406,-0.4712041884816754,-52.5,1.0,87.11247119293947,71.84419104476245,5,0,0.5,0
407,0.4712041884816754,-52.5,1.0,82.7407745532631,59.25959213820014,4,0,0.4166666666666667,0
408,-8.952879581151834,-51.25,1.0,231.90342142449663,45.593992894664495,7,2,0.40476190476190477,3
409,-8.010471204188482,-51.25,1.0,261.25656454271024,66.37746373887356,11,2,0.35454545454545455,3
410,-7.0680628272251305,-51.25,1.0,278.1373081423947,60.98090560087134,14,1,0.36538461538461536,1
411,-5.183246073298429,-51.25,1.0,308.4659273296867,90.87940774680595,15,3,0.3416666666666667,6
412,-4.2408376963350785,-51.25,1.0,290.8572624376898,72.5020301423085,13,3,0.34615384615384615,6
413,-3.298429319371728,-51.25,1.0,241.68924981329752,52.06589479066352,11,2,0.33636363636363636,3
414,-2.356020942408377,-51.25,1.0,184.1351190889291,100.48194332335353,9,1,0.3392857142857143,1
415,-3.298429319371728,-50.0,1.0,263.71271085612113,35.56801770730256,10,1,0.3888888888888889,1
0,-6.12565445026178,-78.75,1.14,143.14992007420105,40.31606558647392,5,4,0.5,12
1,-5.183246073298429,-78.75,1.14,166.36762721439266,74.27811612195454,5,9,0.33076923076923076,44
2,-4.2408376963350785,-78.75,1.14,190.61071270623358,61.80863635996,4,8,0.4318181818181818,35
3,-3.298429319371728,-78.75,1.14,188.09608500157418,47.908535140047746,5,5,0.4074074074074074,16
4,-2.356020942408377,-78.75,1.14,224.380982679347,83.03212861879729,3,12,0.3181818181818182,63
5,-1.4136125654450262,-78.75,1.14,252.64759334368364,77.55934020067798,4,12,0.3202247191011236,58
6,-8.952879581151834,-77.5,1.14,165.43968207755532,77.8417230135475,5,10,0.40789473684210525,48
7,-8.010471204188482,-77.5,1.14,154.89878658477065,69.76867143009659,5,9,0.4230769230769231,39
8,-7.0680628272251305,-77.5,1.14,166.22292115593012,58.64870994341962,7,7,0.3712121212121212,22
9,-6.12565445026178,-77.5,1.14,184.39490578035597,39.14677201892673,9,6,0.3051948051948052,19
10,-5.183246073298429,-77.5,1.14,211.3623416474717,84.18307390038349,8,9,0.27403846153846156,43
11,-4.2408376963350785,-77.5,1.14,204.42664387612064,103.61967727767664,6,10,0.3146067415730337,48
12,-3.298429319371728,-77.5,1.14,213.88607377664272,66.6416862773806,6,6,0.3977272727272727,19
13,-2.356020942408377,-77.5,1.14,226.2791029585041,68.73097213658632,7,8,0.3223684210526316,36
14,-1.4136125654450262,-77.5,1.14,241.87929424766543,51.383304908911605,4,7,0.5,28
15,-0.4712041884816754,-77.5,1.14,229.63011437351355,53.17342223224945,4,9,0.3181818181818182,32
16,0.4712041884816754,-77.5,1.14,198.86294015763806,57.10269083483699,3,7,0.2857142857142857,16
17,-10.837696335078537,-76.25,1.14,183.4320719605049,59.67798454204485,2,18,0.3300653594771242,124
18,-9.895287958115185,-76.25,1.14,242.1869125989223,58.35347485818256,4,18,0.3078947368421053,112
19,-8.952879581151834,-76.25,1.14,296.7291063406325,46.89656515332015,6,14,0.3223684210526316,69
20,-8.010471204188482,-76.25,1.14,236.4227318230726,84.45787726607239,9,11,0.33986928104575165,45
21,-7.0680628272251305,-76.25,1.14,191.24821180389202,74.01191719092569,11,5,0.4010989010989011,14
22,-6.12565445026178,-76.25,1.14,194.55863512383468,63.90995134530675,13,3,0.39444444444444443,6
23,-5.183246073298429,-76.25,1.14,205.6607112537543,110.93022774743969,13,8,0.26627218934911245,34
24,-4.2408376963350785,-76.25,1.14,187.50184705837367,115.96814770638875,10,12,0.23529411764705882,64
25,-3.298429319371728,-76.25,1.14,188.35530227524566,115.7915470184119,9,9,0.3050847457627119,42
26,-2.356020942408377,-76.25,1.14,188.28627235179613,113.76170445444203,11,8,0.24814814814814815,32
27,-1.4136125654450262,-76.25,1.14,178.98959763855788,113.56453076031485,12,7,0.24444444444444444,25
28,-0.4712041884816754,-76.25,1.14,185.0653892620962,101.49042760370035,7,6,0.38181818181818183,20
29,0.4712041884816754,-76.25,1.14,212.06554943487663,90.722231695227,5,6,0.3194444444444444,13
30,1.4136125654450262,-76.25,1.14,152.49149194676752,15.172194132089855,3,0,0.5,0
31,-13.664921465968591,-75.0,1.14,135.03436574814154,75.66776372148328,5,5,0.46153846153846156,17
32,-12.72251308900524,-75.0,1.14,170.8485621532433,50.563326579817634,4,13,0.36893203883495146,79
33,-11.780104712041888,-75.0,1.14,265.15476765635657,47.070577016513255,3,20,0.28095238095238095,145
34,-10.837696335078537,-75.0,1.14,364.418356113889,48.61344536620089,5,16,0.3157894736842105,94
35,-9.895287958115185,-75.0,1.14,311.1483312744174,77.97569998120143,8,14,0.29736842105263156,65
36,-8.952879581151834,-75.0,1.14,226.75872227473363,56.38764998594925,12,3,0.3525641025641026,7
37,-8.010471204188482,-75.0,1.14,198.43687332017515,85.25846925206048,15,6,0.32941176470588235,22
38,-7.0680628272251305,-75.0,1.14,201.81690245595246,110.83672816321449,16,10,0.2937956204379562,51
39,-6.12565445026178,-75.0,1.14,212.64550735369542,110.85600932438088,16,9,0.28884462151394424,45
40,-5.183246073298429,-75.0,1.14,225.52366104532928,111.98749730068198,13,10,0.27163461538461536,47
41,-4.2408376963350785,-75.0,1.14,239.82121185356888,111.27332449993622,10,13,0.24278846153846154,67
42,-3.298429319371728,-75.0,1.14,232.94461439312187,111.28724224885634,7,13,0.2866666666666667,67
43,-2.356020942408377,-75.0,1.14,215.40345145954214,107.32300611212688,8,13,0.2619047619047619,64
44,-1.4136125654450262,-75.0,1.14,193.56746154054545,105.88123543893292,8,11,0.23134328358208955,45
45,-0.4712041884816754,-75.0,1.14,166.87858629029003,103.3944499248451,10,7,0.2619047619047619,22
46,0.4712041884816754,-75.0,1.14,139.5237143844194,106.3944083532908,10,4,0.32575757575757575,7
47,1.4136125654450262,-75.0,1.14,125.06005058437361,44.79841453996486,5,0,0.5,0
48,2.356020942408377,-75.0,1.14,108.1027882174356,9.82009338781506,1,0,0.0,0
49,-14.607329842931941,-73.75,1.14,152.66964796793047,72.60057860839879,5,7,0.5444444444444444,28
50,-13.664921465968591,-73.75,1.14,167.86848508113002,50.490378973426836,6,9,0.4423076923076923,42
51,-12.72251308900524,-73.75,1.14,354.24398103827485,64.91094671815466,9,19,0.2678018575851393,128
52,-11.780104712041888,-73.75,1.14,338.7943224234816,78.77518904228282,12,21,0.22365591397849463,133
53,-10.837696335078537,-73.75,1.14,258.7997982466969,93.65483126328884,14,10,0.30735930735930733,44
54,-9.895287958115185,-73.75,1.14,224.34421965667227,103.34762985304972,19,6,0.31547619047619047,23
55,-8.952879581151834,-73.75,1.14,214.10221528580686,101.5392249637923,18,9,0.29292929292929293,43
56,-8.010471204188482,-73.75,1.14,217.6504290365145,96.74356043266287,16,10,0.26094890510948904,50
57,-7.0680628272251305,-73.75,1.14,242.3051377591624,111.08595842055205,11,12,0.2668269230769231,66
58,-6.12565445026178,-73.75,1.14,255.30993892168837,113.04307918404072,9,12,0.30177514792899407,64
59,-5.183246073298429,-73.75,1.14,249.5375783008143,106.14194705611631,10,11,0.3106508875739645,57
60,-4.2408376963350785,-73.75,1.14,250.92483325715432,108.64354348401858,9,12,0.2735294117647059,59
61,-3.298429319371728,-73.75,1.14,241.75509869996552,110.86259234928015,8,10,0.2708333333333333,40
62,-2.356020942408377,-73.75,1.14,212.60220366232932,110.7416442487075,9,7,0.3076923076923077,24
63,-1.4136125654450262,-73.75,1.14,189.1642986811988,95.22416895167612,6,6,0.32222222222222224,18
64,-0.4712041884816754,-73.75,1.14,166.88010415414823,101.9058413222365,7,6,0.2636363636363636,17
65,0.4712041884816754,-73.75,1.14,142.9065049613896,101.34529116050061,8,4,0.26666666666666666,9
66,1.4136125654450262,-73.75,1.14,117.30127671833368,100.13149733442017,10,2,0.32222222222222224,3
67,-14.607329842931941,-72.5,1.14,197.97745466547292,53.796876867285995,3,23,0.3175182481751825,179
68,-13.664921465968591,-72.5,1.14,261.82466499503494,53.8171518139369,4,15,0.43333333333333335,99
69,-12.72251308900524,-72.5,1.14,350.1298040719398,70.50488828845232,8,13,0.3713450292397661,72
70,-11.780104712041888,-72.5,1.14,274.5027656824803,95.02530404435437,14,8,0.3862433862433862,36
71,-10.837696335078537,-72.5,1.14,213.41269588934742,106.05964357534242,18,7,0.3645418326693227,31
72,-9.895287958115185,-72.5,1.14,209.37578662187963,110.31243604811607,18,9,0.3158783783783784,43
73,-8.952879581151834,-72.5,1.14,215.79993439367541,111.50622911731676,12,12,0.26200873362445415,60
74,-8.010471204188482,-72.5,1.14,228.76523633035626,63.68664720887493,10,5,0.3246753246753247,17
75,-7.0680628272251305,-72.5,1.14,247.08703055129826,97.26620982436938,9,11,0.2814569536423841,54
76,-6.12565445026178,-72.5,1.14,259.3315544644012,113.56672418588518,8,12,0.30132450331125826,62
77,-5.183246073298429,-72.5,1.14,276.0229933479977,112.74851664338111,10,12,0.2698412698412698,63
78,-4.2408376963350785,-72.5,1.14,277.8261392026348,98.54550150600511,9,9,0.2791666666666667,39
79,-3.298429319371728,-72.5,1.14,251.05202986141282,110.17561774587247,8,10,0.2625,43
80,-2.356020942408377,-72.5,1.14,232.15900168259805,104.900373691596,8,7,0.3269230769230769,24
81,-1.4136125654450262,-72.5,1.14,207.18485462859212,108.03861973579454,9,7,0.25274725274725274,24
82,-0.4712041884816754,-72.5,1.14,172.96237632532348,102.56710115462879,6,6,0.25555555555555554,17
83,0.4712041884816754,-72.5,1.14,143.13687694721014,98.07762446317933,6,4,0.25,9
84,1.4136125654450262,-72.5,1.14,126.76825175611425,96.74504441293138,5,2,0.3,3
85,-14.607329842931941,-71.25,1.14,218.99823943108416,42.97852532927409,3,31,0.2651821862348178,278
86,-13.664921465968591,-71.25,1.14,344.904515574303,71.8159678273353,5,23,0.35046728971962615,200
87,-12.72251308900524,-71.25,1.14,358.9074382465319,70.74169878968908,9,11,0.38562091503267976,52
88,-11.780104712041888,-71.25,1.14,236.30645821319493,103.90683787933085,16,8,0.34279475982532753,37
89,-10.837696335078537,-71.25,1.14,204.3419417872809,107.84494646941312,14,10,0.34140969162995594,50
90,-9.895287958115185,-71.25,1.14,209.77051354720712,111.58034865238965,12,11,0.3155339805825243,56
91,-8.952879581151834,-71.25,1.14,219.61841719459647,103.44791345715703,8,9,0.3446601941747573,42
92,-8.010471204188482,-71.25,1.14,226.8461310795901,51.01251613552062,8,4,0.4090909090909091,12
93,-7.0680628272251305,-71.25,1.14,246.08984894817453,111.57252380561877,10,10,0.25496688741721857,46
94,-6.12565445026178,-71.25,1.14,262.013842410866,113.11117414727482,10,11,0.2781065088757396,57
95,-5.183246073298429,-71.25,1.14,277.2024257221088,112.51020109603454,8,12,0.2894736842105263,62
96,-4.2408376963350785,-71.25,1.14,270.2947554406843,107.77702509008483,8,10,0.3125,52
97,-3.298429319371728,-71.25,1.14,256.72434937153076,110.43233939609425,10,11,0.2573099415204678,59
98,-2.356020942408377,-71.25,1.14,243.01993790089728,105.32672589952242,9,9,0.2708333333333333,41
99,-1.4136125654450262,-71.25,1.14,227.71614777361555,107.8431940239416,9,8,0.23333333333333334,31
100,-0.4712041884816754,-71.25,1.14,200.92874548953728,102.73637927341042,6,7,0.24545454545454545,25
101,0.4712041884816754,-71.25,1.14,162.18011099178335,97.14343683648622,5,6,0.2222222222222222,18
102,1.4136125654450262,-71.25,1.14,132.65704407431932,84.64046589298682,4,2,0.25,3
103,-13.664921465968591,-70.0,1.14,400.5966089080704,70.76865875273573,6,22,0.2854938271604938,147
104,-12.72251308900524,-70.0,1.14,309.6795845463592,62.90654828139298,11,5,0.41208791208791207,15
105,-11.780104712041888,-70.0,1.14,211.4509015048956,102.60174664397813,13,8,0.3343195266272189,34
106,-10.837696335078537,-70.0,1.14,198.50152005240733,74.14040875374928,11,5,0.3595505617977528,16
107,-9.895287958115185,-70.0,1.14,211.81822572066622,109.33379859881168,10,12,0.23796791443850268,52
108,-8.952879581151834,-70.0,1.14,222.59866225056,86.51719137703552,7,7,0.34615384615384615,28
109,-8.010471204188482,-70.0,1.14,228.02851173560282,74.20366222628934,8,5,0.37962962962962965,16
110,-7.0680628272251305,-70.0,1.14,242.58056700679225,106.80129039726661,10,10,0.24503311258278146,45
111,-6.12565445026178,-70.0,1.14,247.21743136572107,109.72207150720553,8,12,0.26973684210526316,64
112,-5.183246073298429,-70.0,1.14,257.7954143155309,110.49186894237948,8,10,0.3,47
113,-4.2408376963350785,-70.0,1.14,265.7378148083683,96.28182092586256,8,8,0.32967032967032966,35
114,-3.298429319371728,-70.0,1.14,269.3749246860427,103.32163562576751,11,12,0.25,68
115,-2.356020942408377,-70.0,1.14,268.6362602465335,105.8103108445296,9,13,0.2631578947368421,78
116,-1.4136125654450262,-70.0,1.14,248.91334461159843,102.95519203645038,8,11,0.25735294117647056,58
117,-0.4712041884816754,-70.0,1.14,230.1698950039125,99.70813252562976,6,8,0.2803030303030303,34
118,0.4712041884816754,-70.0,1.14,197.15387607779658,94.95241594166305,5,7,0.2777777777777778,26
119,1.4136125654450262,-70.0,1.14,158.14347493376118,93.13181835519666,4,5,0.30952380952380953,17
120,-15.549738219895294,-68.75,1.14,335.25721404945097,76.47221955676561,3,22,0.2766798418972332,155
121,-14.607329842931941,-68.75,1.14,360.3029396047542,73.84007464784627,4,19,0.3,122
122,-13.664921465968591,-68.75,1.14,380.4396953738361,91.20731866110495,9,19,0.24615384615384617,107
123,-12.72251308900524,-68.75,1.14,229.92544783304086,93.26501345168175,14,6,0.2647058823529412,20
124,-11.780104712041888,-68.75,1.14,198.73509141523675,69.32280689642825,11,3,0.3409090909090909,6
125,-10.837696335078537,-68.75,1.14,199.3833434645204,42.52114062848899,8,2,0.2857142857142857,3
126,-9.895287958115185,-68.75,1.14,209.07601203843888,97.95399999953688,4,7,0.20833333333333334,20
127,-8.952879581151834,-68.75,1.14,215.00818283752943,60.386462749200525,5,4,0.375,10
128,-8.010471204188482,-68.75,1.14,231.00581881789128,109.60856574260049,7,10,0.21153846153846154,38
129,-7.0680628272251305,-68.75,1.14,243.33457788392062,108.72930693074517,8,10,0.24583333333333332,46
130,-6.12565445026178,-68.75,1.14,241.58592455526832,109.32349806437281,10,10,0.2730263157894737,48
131,-5.183246073298429,-68.75,1.14,259.2137096292698,109.22701368946741,9,11,0.30132450331125826,56
132,-4.2408376963350785,-68.75,1.14,270.83744182324733,108.36399873373887,12,12,0.2576419213973799,63
133,-3.298429319371728,-68.75,1.14,276.28165076243675,109.29122986772553,11,14,0.26294820717131473,83
134,-2.356020942408377,-68.75,1.14,288.6130958355642,108.47562853165948,10,16,0.26094890510948904,104
135,-1.4136125654450262,-68.75,1.14,286.0626062630048,105.03443087686053,9,15,0.26419213973799127,93
136,-0.4712041884816754,-68.75,1.14,260.8152641524316,100.44923263693613,8,14,0.2579787234042553,82
137,0.4712041884816754,-68.75,1.14,235.17522495276688,98.0284288726619,7,11,0.2627118644067797,56
138,1.4136125654450262,-68.75,1.14,208.02866786533409,94.51425017699076,6,7,0.2830188679245283,27
139,2.356020942408377,-68.75,1.14,186.6091064440433,95.89546604880611,4,4,0.46153846153846156,12
140,-16.492146596858646,-67.5,1.14,273.5145008851176,61.62757213187344,1,8,0.38095238095238093,31
141,-15.549738219895294,-67.5,1.14,313.72848817072304,64.59009657820961,5,10,0.3141025641025641,42
142,-14.607329842931941,-67.5,1.14,241.70285906267662,83.60832920715127,10,5,0.33974358974358976,14
143,-13.664921465968591,-67.5,1.14,204.2379353832417,95.5659260265209,13,4,0.34134615384615385,10
144,-12.72251308900524,-67.5,1.14,190.43734426929225,108.74505209420326,13,6,0.22388059701492538,17
145,-11.780104712041888,-67.5,1.14,197.92389400192118,110.11015625274499,5,8,0.2037037037037037,24
146,-10.837696335078537,-67.5,1.14,202.52497115207944,66.5497844821941,5,3,0.3333333333333333,5
147,-9.895287958115185,-67.5,1.14,204.02642516637655,20.257632388290446,4,0,0.3333333333333333,0
148,-8.952879581151834,-67.5,1.14,206.14140682584585,84.1868930050818,3,6,0.23809523809523808,18
149,-8.010471204188482,-67.5,1.14,218.19025695758265,108.68344754754285,5,10,0.25,45
150,-7.0680628272251305,-67.5,1.14,246.89671689258682,106.83854461481529,6,10,0.25824175824175827,45
151,-6.12565445026178,-67.5,1.14,256.29646090082446,106.12089473832256,8,9,0.29523809523809524,40
152,-5.183246073298429,-67.5,1.14,261.4043971531202,110.43922288740404,9,10,0.27941176470588236,44
153,-4.2408376963350785,-67.5,1.14,254.1865444279883,109.11141404808492,11,10,0.26900584795321636,44
154,-3.298429319371728,-67.5,1.14,241.77378892745958,108.37717889732276,12,10,0.2751322751322751,45
155,-2.356020942408377,-67.5,1.14,256.66221909084106,110.88142259751353,10,14,0.2838427947598253,77
156,-1.4136125654450262,-67.5,1.14,263.5544658386997,109.99040970054612,10,16,0.2591240875912409,90
157,-0.4712041884816754,-67.5,1.14,262.84369702835846,105.43811704267196,9,16,0.23904382470119523,83
158,0.4712041884816754,-67.5,1.14,246.43595595422718,102.55694153960724,8,12,0.26490066225165565,57
159,1.4136125654450262,-67.5,1.14,255.14075680890488,100.93763315964928,7,10,0.2621359223300971,44
160,2.356020942408377,-67.5,1.14,260.3976841277067,101.09998806330586,5,10,0.19078947368421054,29
161,-18.376963350785346,-66.25,1.14,141.2281884949745,82.6456122021421,1,7,0.36666666666666664,24
162,-17.434554973821996,-66.25,1.14,189.87166555657925,74.00570614900913,2,5,0.45,14
163,-16.492146596858646,-66.25,1.14,247.74459273428417,92.54144740054127,4,11,0.20512820512820512,42
164,-15.549738219895294,-66.25,1.14,210.28526813108041,101.76834636333788,10,5,0.21794871794871795,14
165,-14.607329842931941,-66.25,1.14,189.31941942460531,109.45333237118498,8,6,0.23484848484848486,19
166,-13.664921465968591,-66.25,1.14,183.38275077921037,73.189470918673,2,5,0.4,14
167,-12.72251308900524,-66.25,1.14,184.08517936622007,113.6264695005957,6,7,0.20909090909090908,24
168,-11.780104712041888,-66.25,1.14,191.03056452466555,112.32355427431949,7,6,0.20909090909090908,16
169,-10.837696335078537,-66.25,1.14,201.35369846857103,91.98262480701834,7,6,0.19090909090909092,13
170,-9.895287958115185,-66.25,1.14,209.37525866324717,82.36442374108313,3,6,0.21428571428571427,17
171,-8.952879581151834,-66.25,1.14,223.94376660713573,88.83710724818643,4,6,0.21428571428571427,17
172,-8.010471204188482,-66.25,1.14,229.3193466474597,107.54027398565223,6,10,0.21978021978021978,43
173,-7.0680628272251305,-66.25,1.14,243.6904538099441,104.84989653271195,8,10,0.24583333333333332,45
174,-6.12565445026178,-66.25,1.14,259.73123937737137,105.92158599238027,9,9,0.26666666666666666,35
175,-5.183246073298429,-66.25,1.14,266.7047205379782,107.66020062396504,10,8,0.2708333333333333,29
176,-4.2408376963350785,-66.25,1.14,253.31465375612802,108.37329495506351,10,8,0.2833333333333333,30
177,-3.298429319371728,-66.25,1.14,243.34715827623825,109.37998149133314,11,10,0.260233918128655,43
178,-2.356020942408377,-66.25,1.14,230.89619209297845,113.0882610653486,14,9,0.27380952380952384,33
179,-1.4136125654450262,-66.25,1.14,214.76507164764158,110.78700245067012,13,9,0.29210526315789476,34
180,-0.4712041884816754,-66.25,1.14,203.33496327193325,108.00513320939254,12,10,0.2736842105263158,36
181,0.4712041884816754,-66.25,1.14,202.56394104373882,104.2558444217787,8,11,0.2536764705882353,34
182,1.4136125654450262,-66.25,1.14,207.42841369998152,93.37272405722383,8,7,0.28846153846153844,22
183,2.356020942408377,-66.25,1.14,205.21820573369354,93.40603407384215,5,8,0.2,15
184,-18.376963350785346,-65.0,1.14,147.42979635275958,96.96145709676193,2,5,0.25,12
185,-17.434554973821996,-65.0,1.14,155.13470737420263,54.48501260463433,5,2,0.4,3
186,-16.492146596858646,-65.0,1.14,163.1277254079585,101.63744212259311,6,4,0.2857142857142857,10
187,-15.549738219895294,-65.0,1.14,167.6586576890647,85.96537106526274,4,4,0.26666666666666666,9
188,-14.607329842931941,-65.0,1.14,172.01497881694067,92.92467192128964,2,5,0.35,15
189,-13.664921465968591,-65.0,1.14,176.7325399971324,91.83376160114038,2,6,0.36666666666666664,19
190,-12.72251308900524,-65.0,1.14,195.75734400759728,91.61087172953911,5,8,0.23636363636363636,28
191,-11.780104712041888,-65.0,1.14,192.90751117791459,111.27371649117659,7,7,0.2196969696969697,22
192,-10.837696335078537,-65.0,1.14,202.70944944300388,87.09517564474267,5,5,0.25,12
193,-9.895287958115185,-65.0,1.14,213.765474809249,36.28073613965574,6,2,0.26666666666666666,3
194,-8.952879581151834,-65.0,1.14,236.84213400886625,91.34235639350987,5,6,0.1388888888888889,15
195,-8.010471204188482,-65.0,1.14,247.96675665796076,104.93683234110617,6,10,0.21978021978021978,40
196,-7.0680628272251305,-65.0,1.14,256.10319196027467,99.33881931949615,7,10,0.2714285714285714,44
197,-6.12565445026178,-65.0,1.14,267.49094108621006,106.05205183257466,9,10,0.2536764705882353,45
198,-5.183246073298429,-65.0,1.14,276.0294164358216,100.91624658285804,10,8,0.2625,29
199,-4.2408376963350785,-65.0,1.14,276.3056323606095,106.63817929224227,12,9,0.22807017543859648,35
200,-3.298429319371728,-65.0,1.14,250.62642210036017,107.49363624534345,11,8,0.2647058823529412,29
201,-2.356020942408377,-65.0,1.14,222.86181282102532,114.54929062295926,13,8,0.260233918128655,30
202,-1.4136125654450262,-65.0,1.14,202.56711015732097,110.26636948355633,13,8,0.2631578947368421,25
203,-0.4712041884816754,-65.0,1.14,172.25830894688474,109.60930034963152,12,7,0.29044117647058826,20
204,0.4712041884816754,-65.0,1.14,149.7638687443029,102.30393805695752,12,5,0.3142857142857143,11
205,1.4136125654450262,-65.0,1.14,136.52290083390957,97.22200604187981,8,5,0.33636363636363636,9
206,-20.261780104712045,-63.75,1.14,93.1280502887255,15.57883677472623,0,0,0.0,0
207,-19.319371727748695,-63.75,1.14,96.64618130562181,64.57346237892688,3,2,0.5,4
208,-18.376963350785346,-63.75,1.14,95.7139793191249,79.56868409764142,3,3,0.2,5
209,-17.434554973821996,-63.75,1.14,112.25860019968776,40.61301474089157,1,0,0.0,0
210,-16.492146596858646,-63.75,1.14,131.98339242828618,95.24295614035675,1,2,0.0,3
211,-15.549738219895294,-63.75,1.14,144.54257498824992,104.22008634103646,2,2,0.0,3
212,-14.607329842931941,-63.75,1.14,150.9512385035405,108.26649918607734,2,3,0.16666666666666666,6
213,-13.664921465968591,-63.75,1.14,172.9398927152849,97.52179981271445,2,7,0.2857142857142857,24
214,-12.72251308900524,-63.75,1.14,191.16301742021946,114.14812851824692,7,6,0.2037037037037037,17
215,-11.780104712041888,-63.75,1.14,196.66925169208352,86.19133188012638,6,4,0.2857142857142857,9
216,-10.837696335078537,-63.75,1.14,195.65326515710882,104.09983610397337,6,7,0.14545454545454545,13
217,-9.895287958115185,-63.75,1.14,213.74401389163833,51.97285042516818,5,2,0.3,2
218,-8.952879581151834,-63.75,1.14,222.79678064767893,18.131737090120506,3,0,0.16666666666666666,0
219,-8.010471204188482,-63.75,1.14,240.92918018588432,57.749850892458504,4,4,0.36666666666666664,9
220,-7.0680628272251305,-63.75,1.14,265.2048199764977,89.91922062563015,8,8,0.23076923076923078,27
221,-6.12565445026178,-63.75,1.14,278.7021751086298,110.0610527921666,10,10,0.24836601307189543,46
222,-5.183246073298429,-63.75,1.14,287.0619981938147,106.22953366137152,10,10,0.238562091503268,39
223,-4.2408376963350785,-63.75,1.14,277.478083517003,94.01033201198385,10,7,0.2571428571428571,22
224,-3.298429319371728,-63.75,1.14,254.70908654828992,109.53630563507932,9,9,0.22916666666666666,34
225,-2.356020942408377,-63.75,1.14,241.97629203807645,111.17942623130764,11,9,0.24509803921568626,37
226,-1.4136125654450262,-63.75,1.14,217.17630259056793,109.82585360512611,12,8,0.2581699346405229,26
227,-0.4712041884816754,-63.75,1.14,159.97908866991264,111.8498824008866,12,5,0.3476190476190476,10
228,0.4712041884816754,-63.75,1.14,116.71001957113154,106.77555926493424,11,4,0.3717948717948718,6
229,1.4136125654450262,-63.75,1.14,97.13592122181275,94.07791205275377,10,3,0.38181818181818183,3
230,3.298429319371728,-63.75,1.14,74.07905321651582,77.31344108757912,3,2,0.5,2
231,-19.319371727748695,-62.5,1.14,68.87426336608077,39.42745323339039,0,0,0.0,0
232,-18.376963350785346,-62.5,1.14,71.39871824540374,18.873320916964136,0,0,0.0,0
233,-17.434554973821996,-62.5,1.14,91.12910454731157,11.27056022433755,0,0,0.0,0
234,-16.492146596858646,-62.5,1.14,122.60676014399237,83.487952666918,1,2,0.0,3
235,-15.549738219895294,-62.5,1.14,133.1074847195084,88.9478220546651,2,2,0.0,3
236,-14.607329842931941,-62.5,1.14,144.23308715280749,104.25757616635111,2,3,0.16666666666666666,6
237,-13.664921465968591,-62.5,1.14,167.6545186796196,112.8022572631104,3,6,0.23809523809523808,18
238,-12.72251308900524,-62.5,1.14,195.55798045554437,114.96081542746681,6,7,0.17592592592592593,18
239,-11.780104712041888,-62.5,1.14,200.77356887505343,67.79281660915909,4,4,0.23333333333333334,7
240,-10.837696335078537,-62.5,1.14,203.46639217260125,70.65705157819463,5,4,0.14285714285714285,7
241,-9.895287958115185,-62.5,1.14,216.9290983236171,2.591587222771412,2,0,0.5,0
242,-8.952879581151834,-62.5,1.14,215.78784457852524,60.892099754510575,2,4,0.16666666666666666,9
243,-8.010471204188482,-62.5,1.14,237.25559338719884,76.8673195828784,5,5,0.19642857142857142,13
244,-7.0680628272251305,-62.5,1.14,257.14762533511254,51.04169166827071,7,3,0.32142857142857145,6
245,-6.12565445026178,-62.5,1.14,276.17948653490225,92.03951985466406,9,8,0.26666666666666666,31
246,-5.183246073298429,-62.5,1.14,288.93533945156014,112.14376214054442,9,12,0.2134502923976608,49
247,-4.2408376963350785,-62.5,1.14,283.1191313696716,95.45659448796604,9,8,0.21904761904761905,21
248,-3.298429319371728,-62.5,1.14,279.7180444852062,108.82168567488732,8,11,0.18382352941176472,40
249,-2.356020942408377,-62.5,1.14,280.4883308979813,110.51953415810064,8,11,0.22794117647058823,47
250,-1.4136125654450262,-62.5,1.14,241.49134018886485,106.19746926074147,10,8,0.22916666666666666,28
251,-0.4712041884816754,-62.5,1.14,167.97540151759625,110.75415059497891,11,5,0.2692307692307692,8
252,0.4712041884816754,-62.5,1.14,109.7289961431796,110.1305270730431,12,3,0.3525641025641026,3
253,1.4136125654450262,-62.5,1.14,83.7465686999503,102.1001929021082,10,1,0.35454545454545455,0
254,2.356020942408377,-62.5,1.14,74.21885505486644,74.06208565769931,5,1,0.4666666666666667,0
255,3.298429319371728,-62.5,1.14,54.92530422023,57.56955945955269,3,0,0.5,0
256,-18.376963350785346,-61.25,1.14,75.98694823344493,59.103497548426674,0,0,0.0,0
257,-17.434554973821996,-61.25,1.14,93.83780292179814,55.4700780078493,0,0,0.0,0
258,-16.492146596858646,-61.25,1.14,116.20923004407346,57.17033802462251,0,0,0.0,0
259,-15.549738219895294,-61.25,1.14,127.41511785728484,70.10262474843668,1,2,0.0,3
260,-14.607329842931941,-61.25,1.14,142.58764744745022,103.64141406501199,3,2,0.0,3
261,-13.664921465968591,-61.25,1.14,161.3975748522539,110.9541066346645,3,6,0.11904761904761904,13
262,-12.72251308900524,-61.25,1.14,182.8853681559605,42.259427192759844,4,1,0.5,1
263,-11.780104712041888,-61.25,1.14,199.41418817358203,24.29837947844123,3,0,0.3333333333333333,0
264,-10.837696335078537,-61.25,1.14,203.53336795139273,65.4980859396661,5,4,0.3,12
265,-9.895287958115185,-61.25,1.14,219.41317376575924,82.8011007008612,4,5,0.2857142857142857,14
266,-8.952879581151834,-61.25,1.14,249.11185663505515,95.6548666688348,4,9,0.2818181818181818,39
267,-8.010471204188482,-61.25,1.14,265.01752067777693,82.8506120655985,5,7,0.24444444444444444,26
268,-7.0680628272251305,-61.25,1.14,281.38264221227575,100.30845720638217,7,10,0.19523809523809524,42
269,-6.12565445026178,-61.25,1.14,291.31121620581314,103.16952572349733,9,11,0.22875816993464052,51
270,-5.183246073298429,-61.25,1.14,285.829290962586,93.2407878891652,9,11,0.21895424836601307,43
271,-4.2408376963350785,-61.25,1.14,279.9565157919922,55.57050880881359,9,4,0.3181818181818182,6
272,-3.298429319371728,-61.25,1.14,291.1723367175551,59.959046858068675,7,4,0.2638888888888889,5
273,-2.356020942408377,-61.25,1.14,297.3759876013661,107.13468045108898,7,12,0.21323529411764705,49
274,-1.4136125654450262,-61.25,1.14,255.7531285687687,104.89911731370319,8,10,0.23333333333333334,37
275,-0.4712041884816754,-61.25,1.14,180.99624413686394,81.97265020644274,8,3,0.3333333333333333,5
276,0.4712041884816754,-61.25,1.14,114.45301938662998,82.76980179803293,6,1,0.2619047619047619,0
277,1.4136125654450262,-61.25,1.14,75.41872977683107,80.05686396698034,7,0,0.5,0
278,2.356020942408377,-61.25,1.14,54.259627875462954,39.86927196452464,3,0,0.5,0
279,3.298429319371728,-61.25,1.14,39.36543979429973,74.95534558290555,8,0,0.39285714285714285,0
280,4.2408376963350785,-61.25,1.14,29.247414864545487,75.75013651554141,2,0,0.5,0
281,-15.549738219895294,-60.0,1.14,130.7967895101453,70.81634831462077,1,3,0.0,5
282,-14.607329842931941,-60.0,1.14,148.40554956043803,69.29631072113581,2,2,0.0,3
283,-13.664921465968591,-60.0,1.14,162.0511323478245,64.90766949567438,4,2,0.16666666666666666,3
284,-12.72251308900524,-60.0,1.14,180.46175877844544,71.83478103565109,5,3,0.21428571428571427,7
285,-11.780104712041888,-60.0,1.14,203.23877940138308,98.13669618742199,3,6,0.30952380952380953,20
286,-10.837696335078537,-60.0,1.14,227.99485397101793,110.55606197026701,5,9,0.3046875,38
287,-9.895287958115185,-60.0,1.14,264.5880153986801,104.90547890979295,6,13,0.2873134328358209,74
288,-8.952879581151834,-60.0,1.14,293.93562517363506,109.10754529889464,6,14,0.32450331125827814,85
289,-8.010471204188482,-60.0,1.14,313.1921696292949,104.2310597826247,6,14,0.2894736842105263,78
290,-7.0680628272251305,-60.0,1.14,313.357611996477,48.11344791258725,7,4,0.3055555555555556,9
291,-6.12565445026178,-60.0,1.14,301.32437794817656,101.75482651226393,8,14,0.2131578947368421,78
292,-5.183246073298429,-60.0,1.14,283.7708106158469,102.44363042799137,8,13,0.23391812865497075,60
293,-4.2408376963350785,-60.0,1.14,275.12693322480413,46.42829945670834,10,3,0.3181818181818182,4
294,-3.298429319371728,-60.0,1.14,298.51667659184625,23.92957639716739,7,0,0.35714285714285715,0
295,-2.356020942408377,-60.0,1.14,303.20280578648214,24.858988022261496,6,0,0.3333333333333333,0
296,-1.4136125654450262,-60.0,1.14,278.8597285499352,71.92244792990172,8,8,0.2692307692307692,28
297,-0.4712041884816754,-60.0,1.14,200.93113816691,93.84427034892643,8,5,0.2909090909090909,11
298,0.4712041884816754,-60.0,1.14,119.2242504931064,93.58188192582463,6,0,0.4,0
299,1.4136125654450262,-60.0,1.14,75.48892908069308,23.83045315392847,2,0,0.5,0
300,2.356020942408377,-60.0,1.14,55.954335139277774,83.79757605383547,0,0,0.0,0
301,3.298429319371728,-60.0,1.14,42.5387521392185,82.9054566459471,0,0,0.0,0
302,4.2408376963350785,-60.0,1.14,34.56661584952681,88.64127145802078,0,0,0.0,0
303,5.183246073298429,-60.0,1.14,52.993055909329584,87.13041923345871,2,0,0.5,0
304,-13.664921465968591,-58.75,1.14,198.69795937384748,103.66448553642486,1,7,0.3,22
305,-12.72251308900524,-58.75,1.14,208.49027868644322,115.44838716901629,5,8,0.2169811320754717,28
306,-11.780104712041888,-58.75,1.14,222.3504489470766,88.92660193658295,5,7,0.23333333333333334,22
307,-10.837696335078537,-58.75,1.14,244.9573091725173,66.1952168749383,6,4,0.32142857142857145,9
308,-9.895287958115185,-58.75,1.14,280.3990662036422,75.32892503299846,7,8,0.38961038961038963,39
309,-8.952879581151834,-58.75,1.14,318.1741291379637,101.7531670766646,9,19,0.303125,138
310,-8.010471204188482,-58.75,1.14,338.99439284123173,108.80759975837194,8,19,0.2953020134228188,137
311,-7.0680628272251305,-58.75,1.14,313.77292685800364,70.22369339286091,9,9,0.2833333333333333,36
312,-6.12565445026178,-58.75,1.14,297.26967542885285,109.50891257970288,9,14,0.23095238095238096,75
313,-5.183246073298429,-58.75,1.14,297.24647684850294,116.11379878980229,8,16,0.20562770562770563,75
314,-4.2408376963350785,-58.75,1.14,274.4836011588208,73.4146462015517,8,7,0.28846153846153844,22
315,-3.298429319371728,-58.75,1.14,293.3832806641901,18.24223444246453,5,0,0.45,0
316,-2.356020942408377,-58.75,1.14,303.77872954629976,73.46403081716207,4,9,0.23636363636363636,32
317,-1.4136125654450262,-58.75,1.14,296.03428027928936,104.84206094274026,7,13,0.1895424836601307,46
318,-0.4712041884816754,-58.75,1.14,223.66137001460532,107.47059374010637,8,8,0.22527472527472528,20
319,0.4712041884816754,-58.75,1.14,140.65155040264435,104.40033737060251,5,3,0.3333333333333333,4
320,-13.664921465968591,-57.5,1.14,202.1023017221338,104.25914627700793,2,5,0.3,13
321,-12.72251308900524,-57.5,1.14,228.50256358155272,107.23285654487897,4,8,0.2159090909090909,25
322,-11.780104712041888,-57.5,1.14,232.17047192923914,53.40360199446467,4,3,0.45,6
323,-10.837696335078537,-57.5,1.14,248.35489207466378,69.12914109629794,6,5,0.2222222222222222,12
324,-9.895287958115185,-57.5,1.14,269.66337915107744,50.61925049346506,9,5,0.26153846153846155,14
325,-8.952879581151834,-57.5,1.14,317.87249196842464,106.24126687343286,8,21,0.276657060518732,152
326,-8.010471204188482,-57.5,1.14,339.75942933883493,110.07456975021502,9,18,0.30201342281879195,125
327,-7.0680628272251305,-57.5,1.14,311.2195310636133,112.38263439917773,8,16,0.2748917748917749,89
328,-6.12565445026178,-57.5,1.14,290.5465987827995,78.72965003086436,11,9,0.3006535947712418,38
329,-5.183246073298429,-57.5,1.14,283.0017432701385,115.96717931388703,10,15,0.19367588932806323,61
330,-4.2408376963350785,-57.5,1.14,263.8137452272616,94.70772270774545,10,11,0.2134502923976608,32
331,-3.298429319371728,-57.5,1.14,258.96416335197193,55.60976276405296,6,6,0.2777777777777778,13
332,-2.356020942408377,-57.5,1.14,285.5541816884103,100.71530164142017,4,11,0.1987179487179487,35
333,-1.4136125654450262,-57.5,1.14,270.3422946421622,108.1867849430015,8,13,0.1608187134502924,35
334,-0.4712041884816754,-57.5,1.14,202.79675475040068,104.28280305720052,8,8,0.21978021978021978,14
335,0.4712041884816754,-57.5,1.14,136.73566838411176,96.29592181271269,8,3,0.3055555555555556,3
336,1.4136125654450262,-57.5,1.14,93.20336238355965,58.383334282318295,2,0,0.5,0
337,-13.664921465968591,-56.25,1.14,209.572911003535,74.37675282077134,2,4,0.3333333333333333,10
338,-12.72251308900524,-56.25,1.14,233.48289549887758,75.00784212619021,5,4,0.19047619047619047,8
339,-11.780104712041888,-56.25,1.14,239.2425254958523,27.928220126968085,3,1,0.5,1
340,-10.837696335078537,-56.25,1.14,246.0291654403515,52.869755465131476,4,4,0.16666666666666666,6
341,-9.895287958115185,-56.25,1.14,248.95968680273694,20.27299025898898,5,1,0.3333333333333333,1
342,-8.952879581151834,-56.25,1.14,294.79031754686457,107.27746283919946,6,16,0.30158730158730157,100
343,-8.010471204188482,-56.25,1.14,325.23794242905063,111.73016893616244,9,16,0.2766798418972332,90
344,-7.0680628272251305,-56.25,1.14,300.36480240722074,97.02043310980558,11,12,0.31666666666666665,60
345,-6.12565445026178,-56.25,1.14,267.0713068477324,75.78557588331964,13,7,0.3235294117647059,25
346,-5.183246073298429,-56.25,1.14,244.31968477412735,62.19745492980128,12,4,0.3131868131868132,10
347,-4.2408376963350785,-56.25,1.14,230.2580719707255,60.62462866602224,9,4,0.35454545454545455,7
348,-3.298429319371728,-56.25,1.14,221.48327416885877,103.52862752435914,7,7,0.24242424242424243,11
349,-2.356020942408377,-56.25,1.14,232.64386970824881,66.42200275255766,4,6,0.23214285714285715,10
350,-1.4136125654450262,-56.25,1.14,194.49290194434099,113.2221402269819,6,9,0.21153846153846154,17
351,-0.4712041884816754,-56.25,1.14,136.63263118246022,88.38055656624131,8,4,0.2777777777777778,4
352,0.4712041884816754,-56.25,1.14,104.05607596086062,76.55705511920111,5,1,0.36666666666666664,0
353,1.4136125654450262,-56.25,1.14,81.16564884331808,97.2557793877786,4,0,0.5,0
354,-14.607329842931941,-55.0,1.14,186.75327363519176,97.810227522896,1,4,0.5,10
355,-13.664921465968591,-55.0,1.14,220.43950436213612,112.87613597193956,4,8,0.2,26
356,-12.72251308900524,-55.0,1.14,221.39829916312897,60.87406153771374,5,4,0.2619047619047619,8
357,-11.780104712041888,-55.0,1.14,222.69707005100275,24.99407624258656,4,1,0.5,1
358,-10.837696335078537,-55.0,1.14,218.49369763132884,17.18706926108362,2,0,0.0,0
359,-9.895287958115185,-55.0,1.14,227.45167387564672,25.347627454458255,3,1,0.5,1
360,-8.952879581151834,-55.0,1.14,264.9257195902915,101.91297982774805,4,13,0.29523809523809524,65
361,-8.010471204188482,-55.0,1.14,291.25070395520225,76.8262823642995,8,7,0.42948717948717946,25
362,-7.0680628272251305,-55.0,1.14,280.324635586393,79.12748189600967,11,8,0.3786764705882353,33
363,-6.12565445026178,-55.0,1.14,251.75085509258955,107.754709510459,15,11,0.26992753623188404,52
364,-5.183246073298429,-55.0,1.14,230.95638325956887,111.16804282797202,14,10,0.23593073593073594,37
365,-4.2408376963350785,-55.0,1.14,207.35378958992362,48.79285127653101,12,3,0.3269230769230769,4
366,-3.298429319371728,-55.0,1.14,184.26482747679114,49.100689710640495,8,1,0.3888888888888889,0
367,-2.356020942408377,-55.0,1.14,184.6902002808684,44.834907511071826,7,0,0.23809523809523808,0
368,-1.4136125654450262,-55.0,1.14,126.57934325216705,87.19270289120148,7,4,0.3055555555555556,5
369,-0.4712041884816754,-55.0,1.14,98.10498171914183,57.50865148614547,4,0,0.5,0
370,0.4712041884816754,-55.0,1.14,83.4252331411845,48.82178798291614,4,0,0.5,0
371,1.4136125654450262,-55.0,1.14,74.08773054217214,69.58384200380046,4,0,0.5,0
372,2.356020942408377,-55.0,1.14,67.84756426670364,43.94735030675143,0,0,0.0,0
373,-14.607329842931941,-53.75,1.14,194.13097742738003,119.61246817222833,2,6,0.36666666666666664,20
374,-13.664921465968591,-53.75,1.14,194.4897387935188,105.37490396117168,4,7,0.2777777777777778,23
375,-12.72251308900524,-53.75,1.14,188.99752870113716,87.1812550845563,6,4,0.32142857142857145,9
376,-11.780104712041888,-53.75,1.14,193.6954542850574,87.19182855476217,5,7,0.16666666666666666,19
377,-10.837696335078537,-53.75,1.14,197.99475094079364,77.0960278382619,2,6,0.3,17
378,-9.895287958115185,-53.75,1.14,209.7487905813745,70.85542377374351,3,7,0.26785714285714285,23
379,-8.952879581151834,-53.75,1.14,239.36134278277822,109.90732785021443,5,10,0.27564102564102566,41
380,-8.010471204188482,-53.75,1.14,277.3222768596721,113.48420853742347,8,10,0.2875,40
381,-7.0680628272251305,-53.75,1.14,281.2096070002497,114.49154632789377,14,8,0.3026315789473684,28
382,-6.12565445026178,-53.75,1.14,260.1672265084108,113.92655256087866,14,9,0.29523809523809524,39
383,-5.183246073298429,-53.75,1.14,238.77613095779992,113.07581625127428,14,9,0.25952380952380955,33
384,-4.2408376963350785,-53.75,1.14,203.21018507181734,51.611299098307946,13,3,0.34065934065934067,6
385,-3.298429319371728,-53.75,1.14,182.90459833499213,44.05653916964843,8,1,0.3888888888888889,1
386,-2.356020942408377,-53.75,1.14,141.90127685312808,57.618923741505235,5,1,0.26666666666666666,0
387,-1.4136125654450262,-53.75,1.14,103.84470830226213,81.00383780559994,5,2,0.3333333333333333,0
388,-0.4712041884816754,-53.75,1.14,85.15442546082501,61.14721900483101,4,0,0.5,0
389,0.4712041884816754,-53.75,1.14,72.96717862960531,51.85957706125812,3,0,0.5,0
390,1.4136125654450262,-53.75,1.14,69.73953225907916,53.859033584858444,1,0,0.0,0
391,2.356020942408377,-53.75,1.14,67.4336267806445,45.32276515344346,0,0,0.0,0
392,-13.664921465968591,-52.5,1.14,184.9215331323125,103.09470744007011,3,4,0.45,10
393,-12.72251308900524,-52.5,1.14,183.70790037485716,84.33968775108679,6,2,0.4,3
394,-11.780104712041888,-52.5,1.14,187.905408494199,93.52916986116335,6,3,0.2619047619047619,6
395,-10.837696335078537,-52.5,1.14,191.26677473235213,73.99597117533114,4,2,0.4166666666666667,3
396,-9.895287958115185,-52.5,1.14,200.7121130750007,99.20086937263832,6,6,0.2111111111111111,19
397,-8.952879581151834,-52.5,1.14,234.481678975799,111.62821581833818,6,6,0.3,17
398,-8.010471204188482,-52.5,1.14,276.4778205280969,114.04160806968025,9,6,0.28205128205128205,16
399,-7.0680628272251305,-52.5,1.14,287.1519056274903,111.05863760429908,12,4,0.34065934065934067,8
400,-6.12565445026178,-52.5,1.14,275.6656179229931,106.9071046072406,17,5,0.29210526315789476,14
401,-5.183246073298429,-52.5,1.14,260.0139650869107,111.21261092858295,13,6,0.31985294117647056,18
402,-4.2408376963350785,-52.5,1.14,238.9585999972918,94.47599923190302,13,5,0.275,12
403,-3.298429319371728,-52.5,1.14,205.45575130381636,67.1039478031336,8,3,0.3194444444444444,5
404,-2.356020942408377,-52.5,1.14,148.87454106939384,111.0068821562084,6,2,0.36666666666666664,3
405,-1.4136125654450262,-52.5,1.14,109.97642520741533,54.84905408952807,5,0,0.3,0
406,-0.4712041884816754,-52.5,1.14,87.11247119293947,71.84419104476245,5,0,0.5,0
407,0.4712041884816754,-52.5,1.14,82.7407745532631,59.25959213820014,2,0,0.5,0
408,-8.952879581151834,-51.25,1.14,231.90342142449663,45.593992894664495,5,2,0.4,3
409,-8.010471204188482,-51.25,1.14,261.25656454271024,66.37746373887356,8,2,0.35714285714285715,3
410,-7.0680628272251305,-51.25,1.14,278.1373081423947,60.98090560087134,12,1,0.32727272727272727,1
411,-5.183246073298429,-51.25,1.14,308.4659273296867,90.87940774680595,13,3,0.3076923076923077,5
412,-4.2408376963350785,-51.25,1.14,290.8572624376898,72.5020301423085,10,3,0.35454545454545455,5
413,-3.298429319371728,-51.25,1.14,241.68924981329752,52.06589479066352,10,2,0.35555555555555557,2
414,-2.356020942408377,-51.25,1.14,184.1351190889291,100.48194332335353,6,1,0.4,1
415,-3.298429319371728,-50.0,1.14,263.71271085612113,35.56801770730256,8,0,0.4107142857142857,0
0,-6.12565445026178,-78.75,1.5,143.14992007420105,40.31606558647392,4,3,0.45,7
1,-5.183246073298429,-78.75,1.5,166.36762721439266,74.27811612195454,5,5,0.35185185185185186,17
2,-4.2408376963350785,-78.75,1.5,190.61071270623358,61.80863635996,4,5,0.375,15
3,-3.298429319371728,-78.75,1.5,188.09608500157418,47.908535140047746,3,4,0.35,9
4,-2.356020942408377,-78.75,1.5,224.380982679347,83.03212861879729,2,8,0.23214285714285715,27
5,-1.4136125654450262,-78.75,1.5,252.64759334368364,77.55934020067798,2,7,0.3333333333333333,23
6,-8.952879581151834,-77.5,1.5,165.43968207755532,77.8417230135475,4,7,0.45714285714285713,27
7,-8.010471204188482,-77.5,1.5,154.89878658477065,69.76867143009659,5,6,0.3888888888888889,17
8,-7.0680628272251305,-77.5,1.5,166.22292115593012,58.64870994341962,7,6,0.3090909090909091,18
9,-6.12565445026178,-77.5,1.5,184.39490578035597,39.14677201892673,6,4,0.3392857142857143,11
10,-5.183246073298429,-77.5,1.5,211.3623416474717,84.18307390038349,5,9,0.2230769230769231,35
11,-4.2408376963350785,-77.5,1.5,204.42664387612064,103.61967727767664,4,7,0.2857142857142857,21
12,-3.298429319371728,-77.5,1.5,213.88607377664272,66.6416862773806,6,3,0.35714285714285715,6
13,-2.356020942408377,-77.5,1.5,226.2791029585041,68.73097213658632,5,4,0.23809523809523808,9
14,-1.4136125654450262,-77.5,1.5,241.87929424766543,51.383304908911605,4,4,0.3333333333333333,9
15,-0.4712041884816754,-77.5,1.5,229.63011437351355,53.17342223224945,3,6,0.2857142857142857,17
16,0.4712041884816754,-77.5,1.5,198.86294015763806,57.10269083483699,2,4,0.25,6
17,-10.837696335078537,-76.25,1.5,183.4320719605049,59.67798454204485,1,14,0.28846153846153844,72
18,-9.895287958115185,-76.25,1.5,242.1869125989223,58.35347485818256,3,13,0.27472527472527475,57
19,-8.952879581151834,-76.25,1.5,296.7291063406325,46.89656515332015,5,11,0.28888888888888886,41
20,-8.010471204188482,-76.25,1.5,236.4227318230726,84.45787726607239,8,7,0.30128205128205127,18
21,-7.0680628272251305,-76.25,1.5,191.24821180389202,74.01191719092569,10,3,0.33636363636363636,5
22,-6.12565445026178,-76.25,1.5,194.55863512383468,63.90995134530675,8,2,0.39285714285714285,3
23,-5.183246073298429,-76.25,1.5,205.6607112537543,110.93022774743969,8,5,0.17592592592592593,14
24,-4.2408376963350785,-76.25,1.5,187.50184705837367,115.96814770638875,4,7,0.24285714285714285,22
25,-3.298429319371728,-76.25,1.5,188.35530227524566,115.7915470184119,5,5,0.26785714285714285,13
26,-2.356020942408377,-76.25,1.5,188.28627235179613,113.76170445444203,8,4,0.18888888888888888,9
27,-1.4136125654450262,-76.25,1.5,178.98959763855788,113.56453076031485,6,4,0.23214285714285715,9
28,-0.4712041884816754,-76.25,1.5,185.0653892620962,101.49042760370035,6,4,0.2857142857142857,9
29,0.4712041884816754,-76.25,1.5,212.06554943487663,90.722231695227,5,4,0.2619047619047619,8
30,1.4136125654450262,-76.25,1.5,152.49149194676752,15.172194132089855,1,0,0.0,0
31,-13.664921465968591,-75.0,1.5,135.03436574814154,75.66776372148328,3,4,0.2777777777777778,10
32,-12.72251308900524,-75.0,1.5,170.8485621532433,50.563326579817634,2,10,0.2727272727272727,43
33,-11.780104712041888,-75.0,1.5,265.15476765635657,47.070577016513255,2,16,0.22916666666666666,79
34,-10.837696335078537,-75.0,1.5,364.418356113889,48.61344536620089,4,11,0.24358974358974358,37
35,-9.895287958115185,-75.0,1.5,311.1483312744174,77.97569998120143,8,7,0.2692307692307692,18
36,-8.952879581151834,-75.0,1.5,226.75872227473363,56.38764998594925,10,2,0.3111111111111111,3
37,-8.010471204188482,-75.0,1.5,198.43687332017515,85.25846925206048,12,4,0.25274725274725274,8
38,-7.0680628272251305,-75.0,1.5,201.81690245595246,110.83672816321449,10,5,0.23717948717948717,15
39,-6.12565445026178,-75.0,1.5,212.64550735369542,110.85600932438088,8,4,0.2840909090909091,11
40,-5.183246073298429,-75.0,1.5,225.52366104532928,111.98749730068198,6,7,0.19811320754716982,23
41,-4.2408376963350785,-75.0,1.5,239.82121185356888,111.27332449993622,4,9,0.2037037037037037,32
42,-3.298429319371728,-75.0,1.5,232.94461439312187,111.28724224885634,4,6,0.25,18
43,-2.356020942408377,-75.0,1.5,215.40345145954214,107.32300611212688,5,6,0.2222222222222222,18
44,-1.4136125654450262,-75.0,1.5,193.56746154054545,105.88123543893292,5,5,0.16071428571428573,11
45,-0.4712041884816754,-75.0,1.5,166.87858629029003,103.3944499248451,4,4,0.2,9
46,0.4712041884816754,-75.0,1.5,139.5237143844194,106.3944083532908,7,4,0.19444444444444445,7
47,1.4136125654450262,-75.0,1.5,125.06005058437361,44.79841453996486,4,0,0.4166666666666667,0
48,2.356020942408377,-75.0,1.5,108.1027882174356,9.82009338781506,0,0,0.0,0
49,-14.607329842931941,-73.75,1.5,152.66964796793047,72.60057860839879,4,5,0.5238095238095238,15
50,-13.664921465968591,-73.75,1.5,167.86848508113002,50.490378973426836,5,6,0.4166666666666667,19
51,-12.72251308900524,-73.75,1.5,354.24398103827485,64.91094671815466,7,11,0.24583333333333332,47
52,-11.780104712041888,-73.75,1.5,338.7943224234816,78.77518904228282,11,15,0.18115942028985507,63
53,-10.837696335078537,-73.75,1.5,258.7997982466969,93.65483126328884,13,4,0.3,9
54,-9.895287958115185,-73.75,1.5,224.34421965667227,103.34762985304972,14,4,0.26666666666666666,10
55,-8.952879581151834,-73.75,1.5,214.10221528580686,101.5392249637923,10,6,0.22777777777777777,21
56,-8.010471204188482,-73.75,1.5,217.6504290365145,96.74356043266287,6,8,0.25,30
57,-7.0680628272251305,-73.75,1.5,242.3051377591624,111.08595842055205,6,8,0.2578125,28
58,-6.12565445026178,-73.75,1.5,255.30993892168837,113.04307918404072,7,7,0.23076923076923078,23
59,-5.183246073298429,-73.75,1.5,249.5375783008143,106.14194705611631,6,5,0.2638888888888889,14
60,-4.2408376963350785,-73.75,1.5,250.92483325715432,108.64354348401858,4,6,0.30357142857142855,18
61,-3.298429319371728,-73.75,1.5,241.75509869996552,110.86259234928015,5,6,0.2638888888888889,18
62,-2.356020942408377,-73.75,1.5,212.60220366232932,110.7416442487075,5,6,0.2222222222222222,17
63,-1.4136125654450262,-73.75,1.5,189.1642986811988,95.22416895167612,4,3,0.3,6
64,-0.4712041884816754,-73.75,1.5,166.88010415414823,101.9058413222365,3,4,0.2,9
65,0.4712041884816754,-73.75,1.5,142.9065049613896,101.34529116050061,4,4,0.13333333333333333,7
66,1.4136125654450262,-73.75,1.5,117.30127671833368,100.13149733442017,4,1,0.3333333333333333,1
67,-14.607329842931941,-72.5,1.5,197.97745466547292,53.796876867285995,3,18,0.3343195266272189,117
68,-13.664921465968591,-72.5,1.5,261.82466499503494,53.8171518139369,4,11,0.4090909090909091,52
69,-12.72251308900524,-72.5,1.5,350.1298040719398,70.50488828845232,8,9,0.35714285714285715,37
70,-11.780104712041888,-72.5,1.5,274.5027656824803,95.02530404435437,10,6,0.38461538461538464,17
71,-10.837696335078537,-72.5,1.5,213.41269588934742,106.05964357534242,12,4,0.3131868131868132,10
72,-9.895287958115185,-72.5,1.5,209.37578662187963,110.31243604811607,10,5,0.23684210526315788,16
73,-8.952879581151834,-72.5,1.5,215.79993439367541,111.50622911731676,6,8,0.2421875,28
74,-8.010471204188482,-72.5,1.5,228.76523633035626,63.68664720887493,6,4,0.30357142857142855,9
75,-7.0680628272251305,-72.5,1.5,247.08703055129826,97.26620982436938,5,5,0.25,13
76,-6.12565445026178,-72.5,1.5,259.3315544644012,113.56672418588518,5,8,0.22727272727272727,28
77,-5.183246073298429,-72.5,1.5,276.0229933479977,112.74851664338111,5,7,0.25555555555555554,22
78,-4.2408376963350785,-72.5,1.5,277.8261392026348,98.54550150600511,6,5,0.25,14
79,-3.298429319371728,-72.5,1.5,251.05202986141282,110.17561774587247,6,6,0.23333333333333334,18
80,-2.356020942408377,-72.5,1.5,232.15900168259805,104.900373691596,6,6,0.23333333333333334,18
81,-1.4136125654450262,-72.5,1.5,207.18485462859212,108.03861973579454,6,6,0.18888888888888888,17
82,-0.4712041884816754,-72.5,1.5,172.96237632532348,102.56710115462879,4,4,0.16666666666666666,9
83,0.4712041884816754,-72.5,1.5,143.13687694721014,98.07762446317933,4,3,0.2,6
84,1.4136125654450262,-72.5,1.5,126.76825175611425,96.74504441293138,2,1,0.0,1
85,-14.607329842931941,-71.25,1.5,218.99823943108416,42.97852532927409,3,24,0.2533557046979866,165
86,-13.664921465968591,-71.25,1.5,344.904515574303,71.8159678273353,5,16,0.32934131736526945,97
87,-12.72251308900524,-71.25,1.5,358.9074382465319,70.74169878968908,8,8,0.33516483516483514,28
88,-11.780104712041888,-71.25,1.5,236.30645821319493,103.90683787933085,13,5,0.325,14
89,-10.837696335078537,-71.25,1.5,204.3419417872809,107.84494646941312,10,6,0.26666666666666666,19
90,-9.895287958115185,-71.25,1.5,209.77051354720712,111.58034865238965,6,6,0.22727272727272727,18
91,-8.952879581151834,-71.25,1.5,219.61841719459647,103.44791345715703,5,6,0.20833333333333334,15
92,-8.010471204188482,-71.25,1.5,226.8461310795901,51.01251613552062,5,2,0.4,3
93,-7.0680628272251305,-71.25,1.5,246.08984894817453,111.57252380561877,6,7,0.19090909090909092,25
94,-6.12565445026178,-71.25,1.5,262.013842410866,113.11117414727482,4,7,0.2777777777777778,23
95,-5.183246073298429,-71.25,1.5,277.2024257221088,112.51020109603454,6,7,0.22727272727272727,23
96,-4.2408376963350785,-71.25,1.5,270.2947554406843,107.77702509008483,7,6,0.21818181818181817,18
97,-3.298429319371728,-71.25,1.5,256.72434937153076,110.43233939609425,6,7,0.22727272727272727,24
98,-2.356020942408377,-71.25,1.5,243.01993790089728,105.32672589952242,6,7,0.22727272727272727,24
99,-1.4136125654450262,-71.25,1.5,227.71614777361555,107.8431940239416,5,6,0.2361111111111111,17
100,-0.4712041884816754,-71.25,1.5,200.92874548953728,102.73637927341042,4,4,0.23333333333333334,9
101,0.4712041884816754,-71.25,1.5,162.18011099178335,97.14343683648622,4,4,0.2,9
102,1.4136125654450262,-71.25,1.5,132.65704407431932,84.64046589298682,3,2,0.3333333333333333,3
103,-13.664921465968591,-70.0,1.5,400.5966089080704,70.76865875273573,6,12,0.3487394957983193,57
104,-12.72251308900524,-70.0,1.5,309.6795845463592,62.90654828139298,9,3,0.4666666666666667,6
105,-11.780104712041888,-70.0,1.5,211.4509015048956,102.60174664397813,10,4,0.3181818181818182,9
106,-10.837696335078537,-70.0,1.5,198.50152005240733,74.14040875374928,5,2,0.25,3
107,-9.895287958115185,-70.0,1.5,211.81822572066622,109.33379859881168,3,6,0.16666666666666666,16
108,-8.952879581151834,-70.0,1.5,222.59866225056,86.51719137703552,4,4,0.26666666666666666,9
109,-8.010471204188482,-70.0,1.5,228.02851173560282,74.20366222628934,4,4,0.23333333333333334,9
110,-7.0680628272251305,-70.0,1.5,242.58056700679225,106.80129039726661,4,7,0.25,25
111,-6.12565445026178,-70.0,1.5,247.21743136572107,109.72207150720553,5,6,0.2916666666666667,18
112,-5.183246073298429,-70.0,1.5,257.7954143155309,110.49186894237948,7,6,0.23636363636363636,18
113,-4.2408376963350785,-70.0,1.5,265.7378148083683,96.28182092586256,6,6,0.26666666666666666,18
114,-3.298429319371728,-70.0,1.5,269.3749246860427,103.32163562576751,7,7,0.21212121212121213,24
115,-2.356020942408377,-70.0,1.5,268.6362602465335,105.8103108445296,6,7,0.2545454545454545,25
116,-1.4136125654450262,-70.0,1.5,248.91334461159843,102.95519203645038,6,7,0.23636363636363636,24
117,-0.4712041884816754,-70.0,1.5,230.1698950039125,99.70813252562976,5,7,0.23333333333333334,25
118,0.4712041884816754,-70.0,1.5,197.15387607779658,94.95241594166305,4,6,0.21428571428571427,18
119,1.4136125654450262,-70.0,1.5,158.14347493376118,93.13181835519666,4,3,0.2,6
120,-15.549738219895294,-68.75,1.5,335.25721404945097,76.47221955676561,2,16,0.2375,77
121,-14.607329842931941,-68.75,1.5,360.3029396047542,73.84007464784627,4,12,0.2857142857142857,50
122,-13.664921465968591,-68.75,1.5,380.4396953738361,91.20731866110495,8,10,0.24583333333333332,31
123,-12.72251308900524,-68.75,1.5,229.92544783304086,93.26501345168175,9,4,0.2545454545454545,8
124,-11.780104712041888,-68.75,1.5,198.73509141523675,69.32280689642825,5,2,0.15,2
125,-10.837696335078537,-68.75,1.5,199.3833434645204,42.52114062848899,2,0,0.0,0
126,-9.895287958115185,-68.75,1.5,209.07601203843888,97.95399999953688,2,5,0.1,9
127,-8.952879581151834,-68.75,1.5,215.00818283752943,60.386462749200525,4,2,0.3333333333333333,3
128,-8.010471204188482,-68.75,1.5,231.00581881789128,109.60856574260049,5,7,0.16666666666666666,24
129,-7.0680628272251305,-68.75,1.5,243.33457788392062,108.72930693074517,4,7,0.2777777777777778,25
130,-6.12565445026178,-68.75,1.5,241.58592455526832,109.32349806437281,6,6,0.2777777777777778,18
131,-5.183246073298429,-68.75,1.5,259.2137096292698,109.22701368946741,8,6,0.22727272727272727,18
132,-4.2408376963350785,-68.75,1.5,270.83744182324733,108.36399873373887,7,6,0.21818181818181817,17
133,-3.298429319371728,-68.75,1.5,276.28165076243675,109.29122986772553,7,8,0.21153846153846154,27
134,-2.356020942408377,-68.75,1.5,288.6130958355642,108.47562853165948,6,9,0.23076923076923078,33
135,-1.4136125654450262,-68.75,1.5,286.0626062630048,105.03443087686053,6,8,0.25,28
136,-0.4712041884816754,-68.75,1.5,260.8152641524316,100.44923263693613,5,7,0.2777777777777778,25
137,0.4712041884816754,-68.75,1.5,235.17522495276688,98.0284288726619,4,7,0.3055555555555556,26
138,1.4136125654450262,-68.75,1.5,208.02866786533409,94.51425017699076,4,6,0.26785714285714285,20
139,2.356020942408377,-68.75,1.5,186.6091064440433,95.89546604880611,3,3,0.3333333333333333,6
140,-16.492146596858646,-67.5,1.5,273.5145008851176,61.62757213187344,1,7,0.3,22
141,-15.549738219895294,-67.5,1.5,313.72848817072304,64.59009657820961,4,6,0.30357142857142855,15
142,-14.607329842931941,-67.5,1.5,241.70285906267662,83.60832920715127,7,2,0.2857142857142857,3
143,-13.664921465968591,-67.5,1.5,204.2379353832417,95.5659260265209,9,2,0.2361111111111111,3
144,-12.72251308900524,-67.5,1.5,190.43734426929225,108.74505209420326,5,3,0.13333333333333333,5
145,-11.780104712041888,-67.5,1.5,197.92389400192118,110.11015625274499,4,5,0.11904761904761904,9
146,-10.837696335078537,-67.5,1.5,202.52497115207944,66.5497844821941,3,2,0.3333333333333333,2
147,-9.895287958115185,-67.5,1.5,204.02642516637655,20.257632388290446,3,0,0.16666666666666666,0
148,-8.952879581151834,-67.5,1.5,206.14140682584585,84.1868930050818,2,4,0.16666666666666666,9
149,-8.010471204188482,-67.5,1.5,218.19025695758265,108.68344754754285,3,6,0.2619047619047619,18
150,-7.0680628272251305,-67.5,1.5,246.89671689258682,106.83854461481529,4,7,0.2777777777777778,22
151,-6.12565445026178,-67.5,1.5,256.29646090082446,106.12089473832256,7,6,0.24545454545454545,18
152,-5.183246073298429,-67.5,1.5,261.4043971531202,110.43922288740404,8,6,0.21212121212121213,17
153,-4.2408376963350785,-67.5,1.5,254.1865444279883,109.11141404808492,7,5,0.2,12
154,-3.298429319371728,-67.5,1.5,241.77378892745958,108.37717889732276,6,5,0.2222222222222222,12
155,-2.356020942408377,-67.5,1.5,256.66221909084106,110.88142259751353,8,7,0.21794871794871795,21
156,-1.4136125654450262,-67.5,1.5,263.5544658386997,109.99040970054612,7,8,0.23717948717948717,26
157,-0.4712041884816754,-67.5,1.5,262.84369702835846,105.43811704267196,6,9,0.23376623376623376,32
158,0.4712041884816754,-67.5,1.5,246.43595595422718,102.55694153960724,7,9,0.2303370786516854,34
159,1.4136125654450262,-67.5,1.5,255.14075680890488,100.93763315964928,6,7,0.2641509433962264,24
160,2.356020942408377,-67.5,1.5,260.3976841277067,101.09998806330586,4,5,0.3,13
161,-18.376963350785346,-66.25,1.5,141.2281884949745,82.6456122021421,1,5,0.3333333333333333,13
162,-17.434554973821996,-66.25,1.5,189.87166555657925,74.00570614900913,2,4,0.3333333333333333,9
163,-16.492146596858646,-66.25,1.5,247.74459273428417,92.54144740054127,4,8,0.15555555555555556,22
164,-15.549738219895294,-66.25,1.5,210.28526813108041,101.76834636333788,6,3,0.21428571428571427,5
165,-14.607329842931941,-66.25,1.5,189.31941942460531,109.45333237118498,4,3,0.2,6
166,-13.664921465968591,-66.25,1.5,183.38275077921037,73.189470918673,2,4,0.25,9
167,-12.72251308900524,-66.25,1.5,184.08517936622007,113.6264695005957,4,4,0.13333333333333333,9
168,-11.780104712041888,-66.25,1.5,191.03056452466555,112.32355427431949,4,6,0.14285714285714285,14
169,-10.837696335078537,-66.25,1.5,201.35369846857103,91.98262480701834,3,4,0.25,9
170,-9.895287958115185,-66.25,1.5,209.37525866324717,82.36442374108313,3,4,0.15,8
171,-8.952879581151834,-66.25,1.5,223.94376660713573,88.83710724818643,3,4,0.2,9
172,-8.010471204188482,-66.25,1.5,229.3193466474597,107.54027398565223,4,7,0.2222222222222222,24
173,-7.0680628272251305,-66.25,1.5,243.6904538099441,104.84989653271195,5,5,0.32142857142857145,14
174,-6.12565445026178,-66.25,1.5,259.73123937737137,105.92158599238027,8,6,0.2196969696969697,18
175,-5.183246073298429,-66.25,1.5,266.7047205379782,107.66020062396504,8,6,0.20454545454545456,17
176,-4.2408376963350785,-66.25,1.5,253.31465375612802,108.37329495506351,6,5,0.20833333333333334,12
177,-3.298429319371728,-66.25,1.5,243.34715827623825,109.37998149133314,6,5,0.19444444444444445,12
178,-2.356020942408377,-66.25,1.5,230.89619209297845,113.0882610653486,7,5,0.23333333333333334,12
179,-1.4136125654450262,-66.25,1.5,214.76507164764158,110.78700245067012,7,5,0.26666666666666666,12
180,-0.4712041884816754,-66.25,1.5,203.33496327193325,108.00513320939254,7,6,0.23636363636363636,16
181,0.4712041884816754,-66.25,1.5,202.56394104373882,104.2558444217787,8,6,0.23484848484848486,15
182,1.4136125654450262,-66.25,1.5,207.42841369998152,93.37272405722383,7,4,0.3055555555555556,10
183,2.356020942408377,-66.25,1.5,205.21820573369354,93.40603407384215,5,3,0.3333333333333333,4
184,-18.376963350785346,-65.0,1.5,147.42979635275958,96.96145709676193,2,5,0.15,11
185,-17.434554973821996,-65.0,1.5,155.13470737420263,54.48501260463433,5,2,0.3,3
186,-16.492146596858646,-65.0,1.5,163.1277254079585,101.63744212259311,4,3,0.15,5
187,-15.549738219895294,-65.0,1.5,167.6586576890647,85.96537106526274,2,2,0.0,3
188,-14.607329842931941,-65.0,1.5,172.01497881694067,92.92467192128964,2,3,0.16666666666666666,6
189,-13.664921465968591,-65.0,1.5,176.7325399971324,91.83376160114038,2,4,0.16666666666666666,8
190,-12.72251308900524,-65.0,1.5,195.75734400759728,91.61087172953911,2,6,0.2,16
191,-11.780104712041888,-65.0,1.5,192.90751117791459,111.27371649117659,4,5,0.16666666666666666,11
192,-10.837696335078537,-65.0,1.5,202.70944944300388,87.09517564474267,5,2,0.3,3
193,-9.895287958115185,-65.0,1.5,213.765474809249,36.28073613965574,5,1,0.25,1
194,-8.952879581151834,-65.0,1.5,236.84213400886625,91.34235639350987,3,4,0.15,7
195,-8.010471204188482,-65.0,1.5,247.96675665796076,104.93683234110617,4,6,0.19642857142857142,16
196,-7.0680628272251305,-65.0,1.5,256.10319196027467,99.33881931949615,6,5,0.2638888888888889,14
197,-6.12565445026178,-65.0,1.5,267.49094108621006,106.05205183257466,7,6,0.21818181818181817,18
198,-5.183246073298429,-65.0,1.5,276.0294164358216,100.91624658285804,6,5,0.2361111111111111,14
199,-4.2408376963350785,-65.0,1.5,276.3056323606095,106.63817929224227,5,5,0.19642857142857142,12
200,-3.298429319371728,-65.0,1.5,250.62642210036017,107.49363624534345,5,5,0.16071428571428573,12
201,-2.356020942408377,-65.0,1.5,222.86181282102532,114.54929062295926,6,5,0.20833333333333334,12
202,-1.4136125654450262,-65.0,1.5,202.56711015732097,110.26636948355633,6,5,0.2361111111111111,12
203,-0.4712041884816754,-65.0,1.5,172.25830894688474,109.60930034963152,7,4,0.2777777777777778,8
204,0.4712041884816754,-65.0,1.5,149.7638687443029,102.30393805695752,6,4,0.30357142857142855,7
205,1.4136125654450262,-65.0,1.5,136.52290083390957,97.22200604187981,6,2,0.4666666666666667,3
206,-20.261780104712045,-63.75,1.5,93.1280502887255,15.57883677472623,0,0,0.0,0
207,-19.319371727748695,-63.75,1.5,96.64618130562181,64.57346237892688,3,1,0.5,1
208,-18.376963350785346,-63.75,1.5,95.7139793191249,79.56868409764142,2,2,0.5,3
209,-17.434554973821996,-63.75,1.5,112.25860019968776,40.61301474089157,0,0,0.0,0
210,-16.492146596858646,-63.75,1.5,131.98339242828618,95.24295614035675,1,2,0.0,3
211,-15.549738219895294,-63.75,1.5,144.54257498824992,104.22008634103646,2,2,0.0,3
212,-14.607329842931941,-63.75,1.5,150.9512385035405,108.26649918607734,2,2,0.0,3
213,-13.664921465968591,-63.75,1.5,172.9398927152849,97.52179981271445,2,2,0.0,3
214,-12.72251308900524,-63.75,1.5,191.16301742021946,114.14812851824692,3,3,0.08333333333333333,5
215,-11.780104712041888,-63.75,1.5,196.66925169208352,86.19133188012638,4,2,0.25,3
216,-10.837696335078537,-63.75,1.5,195.65326515710882,104.09983610397337,3,4,0.1,7
217,-9.895287958115185,-63.75,1.5,213.74401389163833,51.97285042516818,2,2,0.0,2
218,-8.952879581151834,-63.75,1.5,222.79678064767893,18.131737090120506,2,0,0.0,0
219,-8.010471204188482,-63.75,1.5,240.92918018588432,57.749850892458504,3,3,0.25,6
220,-7.0680628272251305,-63.75,1.5,265.2048199764977,89.91922062563015,4,5,0.2619047619047619,12
221,-6.12565445026178,-63.75,1.5,278.7021751086298,110.0610527921666,8,6,0.20454545454545456,18
222,-5.183246073298429,-63.75,1.5,287.0619981938147,106.22953366137152,6,7,0.22727272727272727,24
223,-4.2408376963350785,-63.75,1.5,277.478083517003,94.01033201198385,6,5,0.19444444444444445,12
224,-3.298429319371728,-63.75,1.5,254.70908654828992,109.53630563507932,5,5,0.16071428571428573,12
225,-2.356020942408377,-63.75,1.5,241.97629203807645,111.17942623130764,5,5,0.17857142857142858,13
226,-1.4136125654450262,-63.75,1.5,217.17630259056793,109.82585360512611,6,4,0.21428571428571427,8
227,-0.4712041884816754,-63.75,1.5,159.97908866991264,111.8498824008866,6,4,0.19642857142857142,6
228,0.4712041884816754,-63.75,1.5,116.71001957113154,106.77555926493424,6,3,0.2619047619047619,3
229,1.4136125654450262,-63.75,1.5,97.13592122181275,94.07791205275377,6,1,0.4,1
230,3.298429319371728,-63.75,1.5,74.07905321651582,77.31344108757912,2,0,0.5,0
231,-19.319371727748695,-62.5,1.5,68.87426336608077,39.42745323339039,0,0,0.0,0
232,-18.376963350785346,-62.5,1.5,71.39871824540374,18.873320916964136,0,0,0.0,0
233,-17.434554973821996,-62.5,1.5,91.12910454731157,11.27056022433755,0,0,0.0,0
234,-16.492146596858646,-62.5,1.5,122.60676014399237,83.487952666918,0,0,0.0,0
235,-15.549738219895294,-62.5,1.5,133.1074847195084,88.9478220546651,1,2,0.0,3
236,-14.607329842931941,-62.5,1.5,144.23308715280749,104.25757616635111,2,2,0.0,3
237,-13.664921465968591,-62.5,1.5,167.6545186796196,112.8022572631104,2,2,0.0,3
238,-12.72251308900524,-62.5,1.5,195.55798045554437,114.96081542746681,3,4,0.0,5
239,-11.780104712041888,-62.5,1.5,200.77356887505343,67.79281660915909,2,2,0.0,3
240,-10.837696335078537,-62.5,1.5,203.46639217260125,70.65705157819463,3,3,0.08333333333333333,4
241,-9.895287958115185,-62.5,1.5,216.9290983236171,2.591587222771412,2,0,0.5,0
242,-8.952879581151834,-62.5,1.5,215.78784457852524,60.892099754510575,1,4,0.3333333333333333,9
243,-8.010471204188482,-62.5,1.5,237.25559338719884,76.8673195828784,3,4,0.2,9
244,-7.0680628272251305,-62.5,1.5,257.14762533511254,51.04169166827071,5,2,0.2,3
245,-6.12565445026178,-62.5,1.5,276.17948653490225,92.03951985466406,5,5,0.26785714285714285,14
246,-5.183246073298429,-62.5,1.5,288.93533945156014,112.14376214054442,6,8,0.20454545454545456,26
247,-4.2408376963350785,-62.5,1.5,283.1191313696716,95.45659448796604,6,5,0.2222222222222222,11
248,-3.298429319371728,-62.5,1.5,279.7180444852062,108.82168567488732,5,5,0.16071428571428573,10
249,-2.356020942408377,-62.5,1.5,280.4883308979813,110.51953415810064,5,7,0.14444444444444443,19
250,-1.4136125654450262,-62.5,1.5,241.49134018886485,106.19746926074147,5,5,0.14285714285714285,10
251,-0.4712041884816754,-62.5,1.5,167.97540151759625,110.75415059497891,4,3,0.2,3
252,0.4712041884816754,-62.5,1.5,109.7289961431796,110.1305270730431,4,1,0.25,0
253,1.4136125654450262,-62.5,1.5,83.7465686999503,102.1001929021082,3,0,0.5,0
254,2.356020942408377,-62.5,1.5,74.21885505486644,74.06208565769931,0,0,0.0,0
255,3.298429319371728,-62.5,1.5,54.92530422023,57.56955945955269,0,0,0.0,0
256,-18.376963350785346,-61.25,1.5,75.98694823344493,59.103497548426674,0,0,0.0,0
257,-17.434554973821996,-61.25,1.5,93.83780292179814,55.4700780078493,0,0,0.0,0
258,-16.492146596858646,-61.25,1.5,116.20923004407346,57.17033802462251,0,0,0.0,0
259,-15.549738219895294,-61.25,1.5,127.41511785728484,70.10262474843668,0,0,0.0,0
260,-14.607329842931941,-61.25,1.5,142.58764744745022,103.64141406501199,1,2,0.0,3
261,-13.664921465968591,-61.25,1.5,161.3975748522539,110.9541066346645,2,2,0.0,2
262,-12.72251308900524,-61.25,1.5,182.8853681559605,42.259427192759844,2,0,0.0,0
263,-11.780104712041888,-61.25,1.5,199.41418817358203,24.29837947844123,1,0,0.0,0
264,-10.837696335078537,-61.25,1.5,203.53336795139273,65.4980859396661,2,3,0.0,5
265,-9.895287958115185,-61.25,1.5,219.41317376575924,82.8011007008612,2,4,0.16666666666666666,9
266,-8.952879581151834,-61.25,1.5,249.11185663505515,95.6548666688348,3,6,0.21428571428571427,18
267,-8.010471204188482,-61.25,1.5,265.01752067777693,82.8506120655985,4,4,0.23333333333333334,9
268,-7.0680628272251305,-61.25,1.5,281.38264221227575,100.30845720638217,4,6,0.16071428571428573,17
269,-6.12565445026178,-61.25,1.5,291.31121620581314,103.16952572349733,5,7,0.2222222222222222,24
270,-5.183246073298429,-61.25,1.5,285.829290962586,93.2407878891652,6,7,0.22727272727272727,22
271,-4.2408376963350785,-61.25,1.5,279.9565157919922,55.57050880881359,6,3,0.30952380952380953,4
272,-3.298429319371728,-61.25,1.5,291.1723367175551,59.959046858068675,5,3,0.2,3
273,-2.356020942408377,-61.25,1.5,297.3759876013661,107.13468045108898,5,9,0.15151515151515152,27
274,-1.4136125654450262,-61.25,1.5,255.7531285687687,104.89911731370319,5,5,0.23214285714285715,12
275,-0.4712041884816754,-61.25,1.5,180.99624413686394,81.97265020644274,3,2,0.2,1
276,0.4712041884816754,-61.25,1.5,114.45301938662998,82.76980179803293,2,0,0.5,0
277,1.4136125654450262,-61.25,1.5,75.41872977683107,80.05686396698034,1,0,0.0,0
278,2.356020942408377,-61.25,1.5,54.259627875462954,39.86927196452464,0,0,0.0,0
279,3.298429319371728,-61.25,1.5,39.36543979429973,74.95534558290555,0,0,0.0,0
280,4.2408376963350785,-61.25,1.5,29.247414864545487,75.75013651554141,0,0,0.0,0
281,-15.549738219895294,-60.0,1.5,130.7967895101453,70.81634831462077,0,1,0.0,1
282,-14.607329842931941,-60.0,1.5,148.40554956043803,69.29631072113581,2,1,0.0,1
283,-13.664921465968591,-60.0,1.5,162.0511323478245,64.90766949567438,1,2,0.0,3
284,-12.72251308900524,-60.0,1.5,180.46175877844544,71.83478103565109,2,2,0.0,3
285,-11.780104712041888,-60.0,1.5,203.23877940138308,98.13669618742199,2,4,0.16666666666666666,9
286,-10.837696335078537,-60.0,1.5,227.99485397101793,110.55606197026701,3,5,0.13333333333333333,12
287,-9.895287958115185,-60.0,1.5,264.5880153986801,104.90547890979295,3,7,0.19642857142857142,21
288,-8.952879581151834,-60.0,1.5,293.93562517363506,109.10754529889464,5,8,0.21818181818181817,30
289,-8.010471204188482,-60.0,1.5,313.1921696292949,104.2310597826247,5,9,0.20454545454545456,32
290,-7.0680628272251305,-60.0,1.5,313.357611996477,48.11344791258725,6,3,0.2619047619047619,6
291,-6.12565445026178,-60.0,1.5,301.32437794817656,101.75482651226393,3,8,0.2916666666666667,29
292,-5.183246073298429,-60.0,1.5,283.7708106158469,102.44363042799137,7,7,0.2196969696969697,23
293,-4.2408376963350785,-60.0,1.5,275.12693322480413,46.42829945670834,7,2,0.3333333333333333,3
294,-3.298429319371728,-60.0,1.5,298.51667659184625,23.92957639716739,5,0,0.25,0
295,-2.356020942408377,-60.0,1.5,303.20280578648214,24.858988022261496,4,0,0.25,0
296,-1.4136125654450262,-60.0,1.5,278.8597285499352,71.92244792990172,4,4,0.36666666666666664,10
297,-0.4712041884816754,-60.0,1.5,200.93113816691,93.84427034892643,5,3,0.2,5
298,0.4712041884816754,-60.0,1.5,119.2242504931064,93.58188192582463,2,0,0.5,0
299,1.4136125654450262,-60.0,1.5,75.48892908069308,23.83045315392847,0,0,0.0,0
300,2.356020942408377,-60.0,1.5,55.954335139277774,83.79757605383547,0,0,0.0,0
301,3.298429319371728,-60.0,1.5,42.5387521392185,82.9054566459471,0,0,0.0,0
302,4.2408376963350785,-60.0,1.5,34.56661584952681,88.64127145802078,0,0,0.0,0
303,5.183246073298429,-60.0,1.5,52.993055909329584,87.13041923345871,0,0,0.0,0
304,-13.664921465968591,-58.75,1.5,198.69795937384748,103.66448553642486,1,3,0.5,6
305,-12.72251308900524,-58.75,1.5,208.49027868644322,115.44838716901629,2,4,0.25,9
306,-11.780104712041888,-58.75,1.5,222.3504489470766,88.92660193658295,3,4,0.2,9
307,-10.837696335078537,-58.75,1.5,244.9573091725173,66.1952168749383,4,4,0.2,9
308,-9.895287958115185,-58.75,1.5,280.3990662036422,75.32892503299846,4,5,0.23809523809523808,14
309,-8.952879581151834,-58.75,1.5,318.1741291379637,101.7531670766646,4,11,0.2564102564102564,51
310,-8.010471204188482,-58.75,1.5,338.99439284123173,108.80759975837194,6,10,0.24175824175824176,42
311,-7.0680628272251305,-58.75,1.5,313.77292685800364,70.22369339286091,6,5,0.2916666666666667,14
312,-6.12565445026178,-58.75,1.5,297.26967542885285,109.50891257970288,7,11,0.17083333333333334,44
313,-5.183246073298429,-58.75,1.5,297.24647684850294,116.11379878980229,6,11,0.20476190476190476,38
314,-4.2408376963350785,-58.75,1.5,274.4836011588208,73.4146462015517,6,5,0.2361111111111111,12
315,-3.298429319371728,-58.75,1.5,293.3832806641901,18.24223444246453,0,0,0.0,0
316,-2.356020942408377,-58.75,1.5,303.77872954629976,73.46403081716207,2,6,0.26666666666666666,18
317,-1.4136125654450262,-58.75,1.5,296.03428027928936,104.84206094274026,4,8,0.18888888888888888,22
318,-0.4712041884816754,-58.75,1.5,223.66137001460532,107.47059374010637,6,6,0.17777777777777778,10
319,0.4712041884816754,-58.75,1.5,140.65155040264435,104.40033737060251,3,1,0.25,0
320,-13.664921465968591,-57.5,1.5,202.1023017221338,104.25914627700793,1,3,0.5,6
321,-12.72251308900524,-57.5,1.5,228.50256358155272,107.23285654487897,4,4,0.13333333333333333,7
322,-11.780104712041888,-57.5,1.5,232.17047192923914,53.40360199446467,4,2,0.25,3
323,-10.837696335078537,-57.5,1.5,248.35489207466378,69.12914109629794,4,4,0.16666666666666666,8
324,-9.895287958115185,-57.5,1.5,269.66337915107744,50.61925049346506,4,4,0.2,7
325,-8.952879581151834,-57.5,1.5,317.87249196842464,106.24126687343286,5,11,0.24175824175824176,52
326,-8.010471204188482,-57.5,1.5,339.75942933883493,110.07456975021502,6,10,0.2802197802197802,44
327,-7.0680628272251305,-57.5,1.5,311.2195310636133,112.38263439917773,8,10,0.225,40
328,-6.12565445026178,-57.5,1.5,290.5465987827995,78.72965003086436,7,5,0.2777777777777778,14
329,-5.183246073298429,-57.5,1.5,283.0017432701385,115.96717931388703,7,10,0.19523809523809524,26
330,-4.2408376963350785,-57.5,1.5,263.8137452272616,94.70772270774545,7,8,0.1858974358974359,16
331,-3.298429319371728,-57.5,1.5,258.96416335197193,55.60976276405296,2,4,0.25,8
332,-2.356020942408377,-57.5,1.5,285.5541816884103,100.71530164142017,2,8,0.16071428571428573,17
333,-1.4136125654450262,-57.5,1.5,270.3422946421622,108.1867849430015,4,7,0.19444444444444445,17
334,-0.4712041884816754,-57.5,1.5,202.79675475040068,104.28280305720052,6,6,0.16666666666666666,8
335,0.4712041884816754,-57.5,1.5,136.73566838411176,96.29592181271269,3,1,0.3333333333333333,0
336,1.4136125654450262,-57.5,1.5,93.20336238355965,58.383334282318295,1,0,0.0,0
337,-13.664921465968591,-56.25,1.5,209.572911003535,74.37675282077134,1,2,0.0,3
338,-12.72251308900524,-56.25,1.5,233.48289549887758,75.00784212619021,4,4,0.1,6
339,-11.780104712041888,-56.25,1.5,239.2425254958523,27.928220126968085,2,0,0.5,0
340,-10.837696335078537,-56.25,1.5,246.0291654403515,52.869755465131476,2,4,0.08333333333333333,4
341,-9.895287958115185,-56.25,1.5,248.95968680273694,20.27299025898898,3,0,0.3333333333333333,0
342,-8.952879581151834,-56.25,1.5,294.79031754686457,107.27746283919946,5,11,0.24725274725274726,50
343,-8.010471204188482,-56.25,1.5,325.23794242905063,111.73016893616244,6,10,0.29120879120879123,42
344,-7.0680628272251305,-56.25,1.5,300.36480240722074,97.02043310980558,9,10,0.23529411764705882,40
345,-6.12565445026178,-56.25,1.5,267.0713068477324,75.78557588331964,8,5,0.2818181818181818,13
346,-5.183246073298429,-56.25,1.5,244.31968477412735,62.19745492980128,8,4,0.28888888888888886,7
347,-4.2408376963350785,-56.25,1.5,230.2580719707255,60.62462866602224,7,3,0.32142857142857145,3
348,-3.298429319371728,-56.25,1.5,221.48327416885877,103.52862752435914,5,7,0.12222222222222222,7
349,-2.356020942408377,-56.25,1.5,232.64386970824881,66.42200275255766,4,4,0.23333333333333334,6
350,-1.4136125654450262,-56.25,1.5,194.49290194434099,113.2221402269819,5,5,0.19642857142857142,8
351,-0.4712041884816754,-56.25,1.5,136.63263118246022,88.38055656624131,4,3,0.25,3
352,0.4712041884816754,-56.25,1.5,104.05607596086062,76.55705511920111,3,0,0.5,0
353,1.4136125654450262,-56.25,1.5,81.16564884331808,97.2557793877786,2,0,0.5,0
354,-14.607329842931941,-55.0,1.5,186.75327363519176,97.810227522896,1,2,0.0,3
355,-13.664921465968591,-55.0,1.5,220.43950436213612,112.87613597193956,2,4,0.08333333333333333,8
356,-12.72251308900524,-55.0,1.5,221.39829916312897,60.87406153771374,3,2,0.16666666666666666,2
357,-11.780104712041888,-55.0,1.5,222.69707005100275,24.99407624258656,2,0,0.5,0
358,-10.837696335078537,-55.0,1.5,218.49369763132884,17.18706926108362,1,0,0.0,0
359,-9.895287958115185,-55.0,1.5,227.45167387564672,25.347627454458255,1,0,0.0,0
360,-8.952879581151834,-55.0,1.5,264.9257195902915,101.91297982774805,3,8,0.3611111111111111,29
361,-8.010471204188482,-55.0,1.5,291.25070395520225,76.8262823642995,7,6,0.33636363636363636,17
362,-7.0680628272251305,-55.0,1.5,280.324635586393,79.12748189600967,11,6,0.28095238095238095,19
363,-6.12565445026178,-55.0,1.5,251.75085509258955,107.754709510459,8,6,0.29545454545454547,19
364,-5.183246073298429,-55.0,1.5,230.95638325956887,111.16804282797202,9,7,0.19230769230769232,14
365,-4.2408376963350785,-55.0,1.5,207.35378958992362,48.79285127653101,7,0,0.35714285714285715,0
366,-3.298429319371728,-55.0,1.5,184.26482747679114,49.100689710640495,5,0,0.4,0
367,-2.356020942408377,-55.0,1.5,184.6902002808684,44.834907511071826,4,0,0.25,0
368,-1.4136125654450262,-55.0,1.5,126.57934325216705,87.19270289120148,6,3,0.2857142857142857,3
369,-0.4712041884816754,-55.0,1.5,98.10498171914183,57.50865148614547,3,0,0.3333333333333333,0
370,0.4712041884816754,-55.0,1.5,83.4252331411845,48.82178798291614,2,0,0.5,0
371,1.4136125654450262,-55.0,1.5,74.08773054217214,69.58384200380046,1,0,0.0,0
372,2.356020942408377,-55.0,1.5,67.84756426670364,43.94735030675143,0,0,0.0,0
373,-14.607329842931941,-53.75,1.5,194.13097742738003,119.61246817222833,1,3,0.0,5
374,-13.664921465968591,-53.75,1.5,194.4897387935188,105.37490396117168,3,3,0.08333333333333333,5
375,-12.72251308900524,-53.75,1.5,188.99752870113716,87.1812550845563,3,3,0.16666666666666666,6
376,-11.780104712041888,-53.75,1.5,193.6954542850574,87.19182855476217,2,4,0.25,9
377,-10.837696335078537,-53.75,1.5,197.99475094079364,77.0960278382619,2,4,0.25,9
378,-9.895287958115185,-53.75,1.5,209.7487905813745,70.85542377374351,2,4,0.25,9
379,-8.952879581151834,-53.75,1.5,239.36134278277822,109.90732785021443,4,8,0.26666666666666666,29
380,-8.010471204188482,-53.75,1.5,277.3222768596721,113.48420853742347,7,6,0.3,17
381,-7.0680628272251305,-53.75,1.5,281.2096070002497,114.49154632789377,11,7,0.25,25
382,-6.12565445026178,-53.75,1.5,260.1672265084108,113.92655256087866,9,7,0.25824175824175827,24
383,-5.183246073298429,-53.75,1.5,238.77613095779992,113.07581625127428,8,6,0.23484848484848486,15
384,-4.2408376963350785,-53.75,1.5,203.21018507181734,51.611299098307946,6,0,0.36666666666666664,0
385,-3.298429319371728,-53.75,1.5,182.90459833499213,44.05653916964843,4,0,0.4166666666666667,0
386,-2.356020942408377,-53.75,1.5,141.90127685312808,57.618923741505235,3,0,0.16666666666666666,0
387,-1.4136125654450262,-53.75,1.5,103.84470830226213,81.00383780559994,4,0,0.4166666666666667,0
388,-0.4712041884816754,-53.75,1.5,85.15442546082501,61.14721900483101,3,0,0.5,0
389,0.4712041884816754,-53.75,1.5,72.96717862960531,51.85957706125812,0,0,0.0,0
390,1.4136125654450262,-53.75,1.5,69.73953225907916,53.859033584858444,0,0,0.0,0
391,2.356020942408377,-53.75,1.5,67.4336267806445,45.32276515344346,0,0,0.0,0
392,-13.664921465968591,-52.5,1.5,184.9215331323125,103.09470744007011,2,2,0.0,3
393,-12.72251308900524,-52.5,1.5,183.70790037485716,84.33968775108679,3,2,0.0,3
394,-11.780104712041888,-52.5,1.5,187.905408494199,93.52916986116335,4,2,0.16666666666666666,3
395,-10.837696335078537,-52.5,1.5,191.26677473235213,73.99597117533114,4,2,0.25,3
396,-9.895287958115185,-52.5,1.5,200.7121130750007,99.20086937263832,4,5,0.19047619047619047,13
397,-8.952879581151834,-52.5,1.5,234.481678975799,111.62821581833818,4,6,0.26785714285714285,16
398,-8.010471204188482,-52.5,1.5,276.4778205280969,114.04160806968025,7,4,0.2916666666666667,9
399,-7.0680628272251305,-52.5,1.5,287.1519056274903,111.05863760429908,10,4,0.25,8
400,-6.12565445026178,-52.5,1.5,275.6656179229931,106.9071046072406,8,4,0.3,10
401,-5.183246073298429,-52.5,1.5,260.0139650869107,111.21261092858295,8,6,0.25,15
402,-4.2408376963350785,-52.5,1.5,238.9585999972918,94.47599923190302,6,4,0.30357142857142855,7
403,-3.298429319371728,-52.5,1.5,205.45575130381636,67.1039478031336,2,2,0.16666666666666666,1
404,-2.356020942408377,-52.5,1.5,148.87454106939384,111.0068821562084,2,1,0.16666666666666666,1
405,-1.4136125654450262,-52.5,1.5,109.97642520741533,54.84905408952807,2,0,0.0,0
406,-0.4712041884816754,-52.5,1.5,87.11247119293947,71.84419104476245,0,0,0.0,0
407,0.4712041884816754,-52.5,1.5,82.7407745532631,59.25959213820014,0,0,0.0,0
408,-8.952879581151834,-51.25,1.5,231.90342142449663,45.593992894664495,2,1,0.5,1
409,-8.010471204188482,-51.25,1.5,261.25656454271024,66.37746373887356,6,2,0.3333333333333333,3
410,-7.0680628272251305,-51.25,1.5,278.1373081423947,60.98090560087134,7,1,0.4,1
411,-5.183246073298429,-51.25,1.5,308.4659273296867,90.87940774680595,6,2,0.4,3
412,-4.2408376963350785,-51.25,1.5,290.8572624376898,72.5020301423085,8,3,0.2777777777777778,3
413,-3.298429319371728,-51.25,1.5,241.68924981329752,52.06589479066352,6,0,0.3,0
414,-2.356020942408377,-51.25,1.5,184.1351190889291,100.48194332335353,3,1,0.0,1
415,-3.298429319371728,-50.0,1.5,263.71271085612113,35.56801770730256,3,0,0.5,0
