node_id,threshold,lat,lon,prec,evap,in_degree,out_degree,clustering,ffl
0,0.2367,-6.12565445026178,-78.75,972.3819804385989,721.6321564375539,155.7423416606957,495.2904969326387,0.38881457144616194,1077.0
0,1.1514,-6.12565445026178,-78.75,972.3819804385989,721.6321564375539,155.7423416606957,495.2904969326387,0.23059856809856807,10.75
0,3.112,-6.12565445026178,-78.75,972.3819804385989,721.6321564375539,155.7423416606957,495.2904969326387,0.0,1.1666666666666667
1,0.2367,-5.183246073298429,-78.75,1080.9738591502503,837.3922194094484,173.72952003016337,568.557272495303,0.3942186048870762,1377.75
1,1.1514,-5.183246073298429,-78.75,1080.9738591502503,837.3922194094484,173.72952003016337,568.557272495303,0.22882996632996633,12.75
1,3.112,-5.183246073298429,-78.75,1080.9738591502503,837.3922194094484,173.72952003016337,568.557272495303,0.013888888888888883,1.3333333333333333
2,0.2367,-4.240837696335079,-78.75,1382.3479743568132,1018.2233089063084,195.44871095460587,738.5811959833017,0.37957992159103043,1943.5
2,1.1514,-4.240837696335079,-78.75,1382.3479743568132,1018.2233089063084,195.44871095460587,738.5811959833017,0.19362524050024046,19.25
2,3.112,-4.240837696335079,-78.75,1382.3479743568132,1018.2233089063084,195.44871095460587,738.5811959833017,0.013888888888888883,2.0
3,0.2367,-3.298429319371728,-78.75,1505.6474486500395,1003.0807571543846,197.5845363808602,781.993806318622,0.3667176538747474,2073.6666666666665
3,1.1514,-3.298429319371728,-78.75,1505.6474486500395,1003.0807571543846,197.5845363808602,781.993806318622,0.24884004884004882,21.333333333333332
3,3.112,-3.298429319371728,-78.75,1505.6474486500395,1003.0807571543846,197.5845363808602,781.993806318622,0.06249999999999999,2.9166666666666665
4,0.2367,-2.356020942408377,-78.75,1667.264948933036,994.920320459496,202.66088774852096,787.2152409103255,0.3753318507135562,2023.8333333333333
4,1.1514,-2.356020942408377,-78.75,1667.264948933036,994.920320459496,202.66088774852096,787.2152409103255,0.24139694834919553,23.333333333333332
4,3.112,-2.356020942408377,-78.75,1667.264948933036,994.920320459496,202.66088774852096,787.2152409103255,0.06249999999999998,2.9166666666666665
5,0.2367,-1.4136125654450262,-78.75,1820.630483871831,932.459302192874,188.1002867498675,760.392705383267,0.37868821399578595,1851.6666666666667
5,1.1514,-1.4136125654450262,-78.75,1820.630483871831,932.459302192874,188.1002867498675,760.392705383267,0.236355806123248,19.5
5,3.112,-1.4136125654450262,-78.75,1820.630483871831,932.459302192874,188.1002867498675,760.392705383267,0.1111111111111111,1.75
6,0.2367,-8.952879581151834,-77.5,1331.7928607517986,828.4595244773027,196.03324837523462,1015.8098299862908,0.2742669934222089,3846.8333333333335
6,1.1514,-8.952879581151834,-77.5,1331.7928607517986,828.4595244773027,196.03324837523462,1015.8098299862908,0.20032736247697533,76.08333333333333
6,3.112,-8.952879581151834,-77.5,1331.7928607517986,828.4595244773027,196.03324837523462,1015.8098299862908,0.1238095238095238,7.5
7,0.2367,-8.010471204188482,-77.5,1148.344211383383,757.587169787023,209.1772144743751,750.3870414881558,0.28700356886551565,2762.0
7,1.1514,-8.010471204188482,-77.5,1148.344211383383,757.587169787023,209.1772144743751,750.3870414881558,0.22989371577090875,34.5
7,3.112,-8.010471204188482,-77.5,1148.344211383383,757.587169787023,209.1772144743751,750.3870414881558,0.2125,2.4166666666666665
8,0.2367,-7.0680628272251305,-77.5,1183.3369557772596,834.2590380026741,229.76919952556048,680.3594277420249,0.2876452553244645,2030.1666666666667
8,1.1514,-7.0680628272251305,-77.5,1183.3369557772596,834.2590380026741,229.76919952556048,680.3594277420249,0.2071432052353105,25.916666666666668
8,3.112,-7.0680628272251305,-77.5,1183.3369557772596,834.2590380026741,229.76919952556048,680.3594277420249,0.1349206349206349,1.75
9,0.2367,-6.12565445026178,-77.5,1261.3605931102752,1065.5407453977386,258.7530824234738,747.5294894365172,0.26461710006510586,2174.4166666666665
9,1.1514,-6.12565445026178,-77.5,1261.3605931102752,1065.5407453977386,258.7530824234738,747.5294894365172,0.17224954220568256,34.666666666666664
9,3.112,-6.12565445026178,-77.5,1261.3605931102752,1065.5407453977386,258.7530824234738,747.5294894365172,0.07242063492063493,1.8333333333333333
10,0.2367,-5.183246073298429,-77.5,1475.7859569390018,1191.8028908674023,290.60863665047094,597.7051178020225,0.33163586178097326,1501.6666666666667
10,1.1514,-5.183246073298429,-77.5,1475.7859569390018,1191.8028908674023,290.60863665047094,597.7051178020225,0.18850457276927865,18.583333333333332
10,3.112,-5.183246073298429,-77.5,1475.7859569390018,1191.8028908674023,290.60863665047094,597.7051178020225,0.05833333333333333,0.75
11,0.2367,-4.240837696335079,-77.5,1543.11377233809,1264.649297597789,304.24606280634475,631.9952050960312,0.3674148118669156,1686.0833333333333
11,1.1514,-4.240837696335079,-77.5,1543.11377233809,1264.649297597789,304.24606280634475,631.9952050960312,0.1923060155230254,14.666666666666666
11,3.112,-4.240837696335079,-77.5,1543.11377233809,1264.649297597789,304.24606280634475,631.9952050960312,0.06944444444444443,0.8333333333333334
12,0.2367,-3.298429319371728,-77.5,1786.0368900220824,1238.7929596139293,303.90293307117446,681.9626759282185,0.36319654913994254,2053.9166666666665
12,1.1514,-3.298429319371728,-77.5,1786.0368900220824,1238.7929596139293,303.90293307117446,681.9626759282185,0.20985200152981895,16.416666666666668
12,3.112,-3.298429319371728,-77.5,1786.0368900220824,1238.7929596139293,303.90293307117446,681.9626759282185,0.041666666666666664,0.9166666666666666
13,0.2367,-2.356020942408377,-77.5,1968.4996679992028,1205.5835266635404,301.52512530279347,671.5090485471438,0.37323977496563215,1924.6666666666667
13,1.1514,-2.356020942408377,-77.5,1968.4996679992028,1205.5835266635404,301.52512530279347,671.5090485471438,0.24516186857518127,18.583333333333332
13,3.112,-2.356020942408377,-77.5,1968.4996679992028,1205.5835266635404,301.52512530279347,671.5090485471438,0.09722222222222221,1.0
14,0.2367,-1.4136125654450262,-77.5,2176.800200983051,1106.3997307904356,262.268353246105,714.6328436415523,0.3529800262900549,2063.5833333333335
14,1.1514,-1.4136125654450262,-77.5,2176.800200983051,1106.3997307904356,262.268353246105,714.6328436415523,0.21251611043277707,21.583333333333332
14,3.112,-1.4136125654450262,-77.5,2176.800200983051,1106.3997307904356,262.268353246105,714.6328436415523,0.0625,1.25
15,0.2367,-0.4712041884816754,-77.5,2222.817318365744,989.5597353090125,208.58175381136715,779.0696558443863,0.34075277836702883,2036.3333333333333
15,1.1514,-0.4712041884816754,-77.5,2222.817318365744,989.5597353090125,208.58175381136715,779.0696558443863,0.2132970424637091,25.0
15,3.112,-0.4712041884816754,-77.5,2222.817318365744,989.5597353090125,208.58175381136715,779.0696558443863,0.04444444444444443,2.5
16,0.2367,0.4712041884816754,-77.5,1995.106634309609,970.740178313863,188.48061839157498,742.015390963256,0.36692042706859446,1543.5833333333333
16,1.1514,0.4712041884816754,-77.5,1995.106634309609,970.740178313863,188.48061839157498,742.015390963256,0.2299983966650633,23.083333333333332
16,3.112,0.4712041884816754,-77.5,1995.106634309609,970.740178313863,188.48061839157498,742.015390963256,0.055555555555555546,2.4166666666666665
17,0.2367,-10.837696335078538,-76.25,1394.3421689172799,768.9957496350689,154.76324365058292,1031.1780560166233,0.27169006014034064,3793.0833333333335
17,1.1514,-10.837696335078538,-76.25,1394.3421689172799,768.9957496350689,154.76324365058292,1031.1780560166233,0.17411171365280176,88.66666666666667
17,3.112,-10.837696335078538,-76.25,1394.3421689172799,768.9957496350689,154.76324365058292,1031.1780560166233,0.10828754578754578,8.583333333333334
18,0.2367,-9.895287958115183,-76.25,1571.8824817358081,735.8104471518891,181.3596960529244,938.6904025832666,0.3240343006735902,3359.1666666666665
18,1.1514,-9.895287958115183,-76.25,1571.8824817358081,735.8104471518891,181.3596960529244,938.6904025832666,0.188997524526215,72.66666666666667
18,3.112,-9.895287958115183,-76.25,1571.8824817358081,735.8104471518891,181.3596960529244,938.6904025832666,0.13749999999999998,6.25
19,0.2367,-8.952879581151834,-76.25,2051.005593605005,993.870989545685,270.74959368380166,1145.4840694780873,0.23579010756609878,4008.6666666666665
19,1.1514,-8.952879581151834,-76.25,2051.005593605005,993.870989545685,270.74959368380166,1145.4840694780873,0.13207287327854703,78.16666666666667
19,3.112,-8.952879581151834,-76.25,2051.005593605005,993.870989545685,270.74959368380166,1145.4840694780873,0.08432239057239055,8.333333333333334
20,0.2367,-8.010471204188482,-76.25,1449.6496046620061,1128.5431282965874,332.3252555551811,633.9614818184577,0.32203101416873015,1850.0833333333333
20,1.1514,-8.010471204188482,-76.25,1449.6496046620061,1128.5431282965874,332.3252555551811,633.9614818184577,0.22596992085441067,17.0
20,3.112,-8.010471204188482,-76.25,1449.6496046620061,1128.5431282965874,332.3252555551811,633.9614818184577,0.18412698412698414,0.16666666666666666
21,0.2367,-7.0680628272251305,-76.25,1269.7233903643469,1080.7628744367685,331.90886764908686,506.8419554285833,0.345795885031702,1090.1666666666667
21,1.1514,-7.0680628272251305,-76.25,1269.7233903643469,1080.7628744367685,331.90886764908686,506.8419554285833,0.2160227299933182,4.416666666666667
21,3.112,-7.0680628272251305,-76.25,1269.7233903643469,1080.7628744367685,331.90886764908686,506.8419554285833,0.17500000000000002,0.0
22,0.2367,-6.12565445026178,-76.25,1379.4574783188345,1227.8368282629526,375.7114044701095,539.8068241321471,0.3571739470969459,1323.5833333333333
22,1.1514,-6.12565445026178,-76.25,1379.4574783188345,1227.8368282629526,375.7114044701095,539.8068241321471,0.1948200445781715,5.5
22,3.112,-6.12565445026178,-76.25,1379.4574783188345,1227.8368282629526,375.7114044701095,539.8068241321471,0.11805555555555557,0.25
23,0.2367,-5.183246073298429,-76.25,1416.7281154026066,1287.3286411265144,390.5627134176751,562.2263774163861,0.3308722317013047,1596.9166666666667
23,1.1514,-5.183246073298429,-76.25,1416.7281154026066,1287.3286411265144,390.5627134176751,562.2263774163861,0.18203880420923987,7.333333333333333
23,3.112,-5.183246073298429,-76.25,1416.7281154026066,1287.3286411265144,390.5627134176751,562.2263774163861,0.041666666666666664,0.5833333333333334
24,0.2367,-4.240837696335079,-76.25,1422.1059650058191,1272.4874162187916,379.6253678082851,583.0782796002112,0.38436707252403796,1740.4166666666667
24,1.1514,-4.240837696335079,-76.25,1422.1059650058191,1272.4874162187916,379.6253678082851,583.0782796002112,0.17735296921972452,9.666666666666666
24,3.112,-4.240837696335079,-76.25,1422.1059650058191,1272.4874162187916,379.6253678082851,583.0782796002112,0.0,0.5833333333333334
25,0.2367,-3.298429319371728,-76.25,1566.9308491646573,1285.1867292521638,374.9329490334119,581.571972033138,0.3939733504151834,1691.5
25,1.1514,-3.298429319371728,-76.25,1566.9308491646573,1285.1867292521638,374.9329490334119,581.571972033138,0.19237309724662813,11.666666666666666
25,3.112,-3.298429319371728,-76.25,1566.9308491646573,1285.1867292521638,374.9329490334119,581.571972033138,0.0,0.3333333333333333
26,0.2367,-2.356020942408377,-76.25,1669.6014578230438,1280.7205061017885,363.20277649801983,545.5664580951172,0.40504388930140744,1441.0833333333333
26,1.1514,-2.356020942408377,-76.25,1669.6014578230438,1280.7205061017885,363.20277649801983,545.5664580951172,0.19294944456857469,11.333333333333334
26,3.112,-2.356020942408377,-76.25,1669.6014578230438,1280.7205061017885,363.20277649801983,545.5664580951172,0.0,0.4166666666666667
27,0.2367,-1.4136125654450262,-76.25,1714.519323312785,1286.127043669112,352.0357217038088,496.88912807804843,0.4258667375332203,1111.1666666666667
27,1.1514,-1.4136125654450262,-76.25,1714.519323312785,1286.127043669112,352.0357217038088,496.88912807804843,0.1953208341366236,11.75
27,3.112,-1.4136125654450262,-76.25,1714.519323312785,1286.127043669112,352.0357217038088,496.88912807804843,0.0,0.4166666666666667
28,0.2367,-0.4712041884816754,-76.25,1861.2038855146945,1286.2433252879418,328.13877187441784,469.7257941579404,0.44644373218916417,972.25
28,1.1514,-0.4712041884816754,-76.25,1861.2038855146945,1286.2433252879418,328.13877187441784,469.7257941579404,0.25980621366650775,12.166666666666666
28,3.112,-0.4712041884816754,-76.25,1861.2038855146945,1286.2433252879418,328.13877187441784,469.7257941579404,0.027777777777777776,0.5833333333333334
29,0.2367,0.4712041884816754,-76.25,2537.757426283401,1208.6303448137187,278.69016283550565,562.7889789326503,0.4064639737559544,1555.9166666666667
29,1.1514,0.4712041884816754,-76.25,2537.757426283401,1208.6303448137187,278.69016283550565,562.7889789326503,0.32503908128908127,14.666666666666666
29,3.112,0.4712041884816754,-76.25,2537.757426283401,1208.6303448137187,278.69016283550565,562.7889789326503,0.06805555555555555,1.1666666666666667
30,0.2367,1.4136125654450262,-76.25,2332.7374557061944,1072.1768922203046,187.20860577405088,496.73788408023546,0.42671590797853165,1204.8333333333333
30,1.1514,1.4136125654450262,-76.25,2332.7374557061944,1072.1768922203046,187.20860577405088,496.73788408023546,0.2918650793650794,9.083333333333334
30,3.112,1.4136125654450262,-76.25,2332.7374557061944,1072.1768922203046,187.20860577405088,496.73788408023546,0.013888888888888883,0.9166666666666666
31,0.2367,-13.664921465968591,-75.0,474.24247969068654,327.3817860867232,93.45224481027947,222.87438381600134,0.3145062699028773,247.0
31,1.1514,-13.664921465968591,-75.0,474.24247969068654,327.3817860867232,93.45224481027947,222.87438381600134,0.1486748545572075,5.666666666666667
31,3.112,-13.664921465968591,-75.0,474.24247969068654,327.3817860867232,93.45224481027947,222.87438381600134,0.0,1.0
32,0.2367,-12.72251308900524,-75.0,1059.300999786003,624.3145590201425,164.5818667476803,803.342627617576,0.36749764043033806,2756.4166666666665
32,1.1514,-12.72251308900524,-75.0,1059.300999786003,624.3145590201425,164.5818667476803,803.342627617576,0.19671233880569705,54.666666666666664
32,3.112,-12.72251308900524,-75.0,1059.300999786003,624.3145590201425,164.5818667476803,803.342627617576,0.11427469135802469,6.333333333333333
33,0.2367,-11.780104712041888,-75.0,1677.481052860452,722.4882429214631,177.77328156359127,954.6529850961257,0.3566162912678282,3522.25
33,1.1514,-11.780104712041888,-75.0,1677.481052860452,722.4882429214631,177.77328156359127,954.6529850961257,0.16288572239598095,76.25
33,3.112,-11.780104712041888,-75.0,1677.481052860452,722.4882429214631,177.77328156359127,954.6529850961257,0.17731481481481481,5.416666666666667
34,0.2367,-10.837696335078538,-75.0,2359.1949492623557,992.871949076507,291.86214362861335,1253.9732693612737,0.21393106501222783,4571.416666666667
34,1.1514,-10.837696335078538,-75.0,2359.1949492623557,992.871949076507,291.86214362861335,1253.9732693612737,0.11606437335603999,94.41666666666667
34,3.112,-10.837696335078538,-75.0,2359.1949492623557,992.871949076507,291.86214362861335,1253.9732693612737,0.10178571428571426,5.583333333333333
35,0.2367,-9.895287958115183,-75.0,1666.6227509237028,1101.099531599757,363.9984539357809,706.8902847056355,0.3599934949478069,2453.5833333333335
35,1.1514,-9.895287958115183,-75.0,1666.6227509237028,1101.099531599757,363.9984539357809,706.8902847056355,0.20008801668000412,24.583333333333332
35,3.112,-9.895287958115183,-75.0,1666.6227509237028,1101.099531599757,363.9984539357809,706.8902847056355,0.13333333333333333,0.4166666666666667
36,0.2367,-8.952879581151834,-75.0,1330.2155969111013,1192.5665024860064,423.53446828186327,524.7684099903131,0.3391075251008719,1607.3333333333333
36,1.1514,-8.952879581151834,-75.0,1330.2155969111013,1192.5665024860064,423.53446828186327,524.7684099903131,0.19090836170355618,8.083333333333334
36,3.112,-8.952879581151834,-75.0,1330.2155969111013,1192.5665024860064,423.53446828186327,524.7684099903131,0.15138888888888888,0.08333333333333333
37,0.2367,-8.010471204188482,-75.0,1143.2996756611412,1114.3487042404013,401.91716473907474,476.08548132472185,0.33258793420100646,1198.0833333333333
37,1.1514,-8.010471204188482,-75.0,1143.2996756611412,1114.3487042404013,401.91716473907474,476.08548132472185,0.18412897811159687,5.916666666666667
37,3.112,-8.010471204188482,-75.0,1143.2996756611412,1114.3487042404013,401.91716473907474,476.08548132472185,0.16666666666666666,0.08333333333333333
38,0.2367,-7.0680628272251305,-75.0,1153.6219057081328,1138.6004096647957,398.1198331454149,485.59408815525046,0.3521364789648365,1173.25
38,1.1514,-7.0680628272251305,-75.0,1153.6219057081328,1138.6004096647957,398.1198331454149,485.59408815525046,0.15727012185345515,5.5
38,3.112,-7.0680628272251305,-75.0,1153.6219057081328,1138.6004096647957,398.1198331454149,485.59408815525046,0.0,0.16666666666666666
39,0.2367,-6.12565445026178,-75.0,1287.8487158973871,1259.42818331765,431.5093945437593,541.3075454556415,0.3164880168118265,1389.3333333333333
39,1.1514,-6.12565445026178,-75.0,1287.8487158973871,1259.42818331765,431.5093945437593,541.3075454556415,0.1692830870071166,7.416666666666667
39,3.112,-6.12565445026178,-75.0,1287.8487158973871,1259.42818331765,431.5093945437593,541.3075454556415,0.0,0.25
40,0.2367,-5.183246073298429,-75.0,1502.6852461121466,1272.312742176291,431.0214242802675,653.8276779694592,0.3059213747903088,2070.75
40,1.1514,-5.183246073298429,-75.0,1502.6852461121466,1272.312742176291,431.0214242802675,653.8276779694592,0.15903406789532867,12.166666666666666
40,3.112,-5.183246073298429,-75.0,1502.6852461121466,1272.312742176291,431.0214242802675,653.8276779694592,0.0,0.5
41,0.2367,-4.240837696335079,-75.0,1803.9101667169448,1268.8221020135097,424.351396414656,760.5691156000756,0.29278969666202104,2656.5
41,1.1514,-4.240837696335079,-75.0,1803.9101667169448,1268.8221020135097,424.351396414656,760.5691156000756,0.1524813273396269,19.333333333333332
41,3.112,-4.240837696335079,-75.0,1803.9101667169448,1268.8221020135097,424.351396414656,760.5691156000756,0.0,0.8333333333333334
42,0.2367,-3.298429319371728,-75.0,1997.3331358438484,1270.106055905053,416.3285706713115,765.9096550769059,0.3041994324448228,2612.0833333333335
42,1.1514,-3.298429319371728,-75.0,1997.3331358438484,1270.106055905053,416.3285706713115,765.9096550769059,0.15109680134680134,24.5
42,3.112,-3.298429319371728,-75.0,1997.3331358438484,1270.106055905053,416.3285706713115,765.9096550769059,0.0,0.8333333333333334
43,0.2367,-2.356020942408377,-75.0,2097.4760597267245,1276.167238260823,404.4332061360437,722.2625327442922,0.32039029741538966,2306.6666666666665
43,1.1514,-2.356020942408377,-75.0,2097.4760597267245,1276.167238260823,404.4332061360437,722.2625327442922,0.1502757230218867,25.333333333333332
43,3.112,-2.356020942408377,-75.0,2097.4760597267245,1276.167238260823,404.4332061360437,722.2625327442922,0.0,0.6666666666666666
44,0.2367,-1.4136125654450262,-75.0,2143.8695846543346,1280.2106866796385,390.4787068304677,691.8852281789228,0.3323468955368496,2091.1666666666665
44,1.1514,-1.4136125654450262,-75.0,2143.8695846543346,1280.2106866796385,390.4787068304677,691.8852281789228,0.15213599242153503,28.333333333333332
44,3.112,-1.4136125654450262,-75.0,2143.8695846543346,1280.2106866796385,390.4787068304677,691.8852281789228,0.0,0.75
45,0.2367,-0.4712041884816754,-75.0,1975.0517122087078,1284.8988097230904,368.3610035236057,556.0461231661118,0.3864527285604849,1531.5833333333333
45,1.1514,-0.4712041884816754,-75.0,1975.0517122087078,1284.8988097230904,368.3610035236057,556.0461231661118,0.21295269297327124,17.25
45,3.112,-0.4712041884816754,-75.0,1975.0517122087078,1284.8988097230904,368.3610035236057,556.0461231661118,0.0,0.6666666666666666
46,0.2367,0.4712041884816754,-75.0,1769.5349623184413,1269.0370474441443,334.3110165596037,405.4882491240634,0.4573976498944325,854.8333333333334
46,1.1514,0.4712041884816754,-75.0,1769.5349623184413,1269.0370474441443,334.3110165596037,405.4882491240634,0.3343407122635978,9.916666666666666
46,3.112,0.4712041884816754,-75.0,1769.5349623184413,1269.0370474441443,334.3110165596037,405.4882491240634,0.0,0.3333333333333333
47,0.2367,1.4136125654450262,-75.0,1992.07725963991,1145.6474200970843,253.56033080970957,346.17357787010883,0.4834737156194438,725.9166666666666
47,1.1514,1.4136125654450262,-75.0,1992.07725963991,1145.6474200970843,253.56033080970957,346.17357787010883,0.3413690476190476,6.083333333333333
47,3.112,1.4136125654450262,-75.0,1992.07725963991,1145.6474200970843,253.56033080970957,346.17357787010883,0.0,0.16666666666666666
48,0.2367,2.356020942408377,-75.0,2263.0165438850427,1120.356615005876,175.15037494006978,329.6612764820055,0.4785921278841814,707.9166666666666
48,1.1514,2.356020942408377,-75.0,2263.0165438850427,1120.356615005876,175.15037494006978,329.6612764820055,0.25,2.25
48,3.112,2.356020942408377,-75.0,2263.0165438850427,1120.356615005876,175.15037494006978,329.6612764820055,0.0,0.3333333333333333
49,0.2367,-14.60732984293194,-73.75,659.0451120217625,418.82747766077927,149.22032885256425,312.5954164659392,0.4021509316166945,448.3333333333333
49,1.1514,-14.60732984293194,-73.75,659.0451120217625,418.82747766077927,149.22032885256425,312.5954164659392,0.3181323000898473,7.583333333333333
49,3.112,-14.60732984293194,-73.75,659.0451120217625,418.82747766077927,149.22032885256425,312.5954164659392,0.22361111111111112,1.5833333333333333
50,0.2367,-13.664921465968591,-73.75,1205.4904303470219,665.470742793259,241.8038665759662,639.7226401986751,0.3724035115743731,1661.1666666666667
50,1.1514,-13.664921465968591,-73.75,1205.4904303470219,665.470742793259,241.8038665759662,639.7226401986751,0.2395286086462557,34.166666666666664
50,3.112,-13.664921465968591,-73.75,1205.4904303470219,665.470742793259,241.8038665759662,639.7226401986751,0.24384920634920637,3.5833333333333335
51,0.2367,-12.72251308900524,-73.75,2438.1194150528786,883.5053541952948,343.4718315268575,1043.5324254631214,0.27657364612940005,4228.416666666667
51,1.1514,-12.72251308900524,-73.75,2438.1194150528786,883.5053541952948,343.4718315268575,1043.5324254631214,0.17574309117316303,76.41666666666667
51,3.112,-12.72251308900524,-73.75,2438.1194150528786,883.5053541952948,343.4718315268575,1043.5324254631214,0.15569384319384316,5.75
52,0.2367,-11.780104712041888,-73.75,1998.5678098907335,1042.9088403854985,421.7278448826043,1069.937736426529,0.23358476109706203,4078.6666666666665
52,1.1514,-11.780104712041888,-73.75,1998.5678098907335,1042.9088403854985,421.7278448826043,1069.937736426529,0.15413200289485932,49.75
52,3.112,-11.780104712041888,-73.75,1998.5678098907335,1042.9088403854985,421.7278448826043,1069.937736426529,0.19589947089947088,3.25
53,0.2367,-10.837696335078538,-73.75,1480.6283360208324,1157.3042750105378,462.2032742604119,544.9496960195462,0.33227439212158116,1617.3333333333333
53,1.1514,-10.837696335078538,-73.75,1480.6283360208324,1157.3042750105378,462.2032742604119,544.9496960195462,0.21608562744146265,10.75
53,3.112,-10.837696335078538,-73.75,1480.6283360208324,1157.3042750105378,462.2032742604119,544.9496960195462,0.1929563492063492,0.8333333333333334
54,0.2367,-9.895287958115183,-73.75,1277.0079415109826,1201.501555579598,469.7672700708054,510.82852785323587,0.33287710672506293,1396.75
54,1.1514,-9.895287958115183,-73.75,1277.0079415109826,1201.501555579598,469.7672700708054,510.82852785323587,0.2216691954964266,7.25
54,3.112,-9.895287958115183,-73.75,1277.0079415109826,1201.501555579598,469.7672700708054,510.82852785323587,0.11746031746031745,0.75
55,0.2367,-8.952879581151834,-73.75,1216.490666815481,1179.867657595023,454.594291333,548.1489441767877,0.2936392920699525,1433.9166666666667
55,1.1514,-8.952879581151834,-73.75,1216.490666815481,1179.867657595023,454.594291333,548.1489441767877,0.1791962634506494,9.416666666666666
55,3.112,-8.952879581151834,-73.75,1216.490666815481,1179.867657595023,454.594291333,548.1489441767877,0.027777777777777776,0.8333333333333334
56,0.2367,-8.010471204188482,-73.75,1296.3279719957652,1232.2373946613516,464.82282863241306,598.6830921627893,0.28730730863700243,1660.5833333333333
56,1.1514,-8.010471204188482,-73.75,1296.3279719957652,1232.2373946613516,464.82282863241306,598.6830921627893,0.15583482043392805,12.333333333333334
56,3.112,-8.010471204188482,-73.75,1296.3279719957652,1232.2373946613516,464.82282863241306,598.6830921627893,0.041666666666666664,0.6666666666666666
57,0.2367,-7.0680628272251305,-73.75,1415.8036153230755,1247.767158546194,465.3719270491014,609.165275005628,0.2865602494322071,1707.5833333333333
57,1.1514,-7.0680628272251305,-73.75,1415.8036153230755,1247.767158546194,465.3719270491014,609.165275005628,0.14741425136251365,12.333333333333334
57,3.112,-7.0680628272251305,-73.75,1415.8036153230755,1247.767158546194,465.3719270491014,609.165275005628,0.0,0.3333333333333333
58,0.2367,-6.12565445026178,-73.75,1554.1265769643396,1259.1757236316334,464.2568598248373,627.2428181720661,0.2887252475068514,1895.75
58,1.1514,-6.12565445026178,-73.75,1554.1265769643396,1259.1757236316334,464.2568598248373,627.2428181720661,0.15869847834340867,12.583333333333334
58,3.112,-6.12565445026178,-73.75,1554.1265769643396,1259.1757236316334,464.2568598248373,627.2428181720661,0.0,0.6666666666666666
59,0.2367,-5.183246073298429,-73.75,1633.64135706222,1273.5791839749436,464.1806575826941,601.7448598804742,0.3240202633738161,1881.5
59,1.1514,-5.183246073298429,-73.75,1633.64135706222,1273.5791839749436,464.1806575826941,601.7448598804742,0.17193678638468446,12.666666666666666
59,3.112,-5.183246073298429,-73.75,1633.64135706222,1273.5791839749436,464.1806575826941,601.7448598804742,0.0,0.5
60,0.2367,-4.240837696335079,-73.75,1755.807310968496,1275.8524741898873,458.532957083076,587.1404161082806,0.342415821053705,1830.0833333333333
60,1.1514,-4.240837696335079,-73.75,1755.807310968496,1275.8524741898873,458.532957083076,587.1404161082806,0.1585343494079263,13.75
60,3.112,-4.240837696335079,-73.75,1755.807310968496,1275.8524741898873,458.532957083076,587.1404161082806,0.0,0.4166666666666667
61,0.2367,-3.298429319371728,-73.75,1941.6090586017128,1274.5416281760845,453.3991273276152,608.7757262889154,0.34510974115994286,1806.1666666666667
61,1.1514,-3.298429319371728,-73.75,1941.6090586017128,1274.5416281760845,453.3991273276152,608.7757262889154,0.14856963501031295,18.666666666666668
61,3.112,-3.298429319371728,-73.75,1941.6090586017128,1274.5416281760845,453.3991273276152,608.7757262889154,0.0,0.6666666666666666
62,0.2367,-2.356020942408377,-73.75,2022.0070828343894,1281.0078075846832,444.4026860499916,580.0997664715228,0.35738708036177286,1608.8333333333333
62,1.1514,-2.356020942408377,-73.75,2022.0070828343894,1281.0078075846832,444.4026860499916,580.0997664715228,0.1596528675572793,18.583333333333332
62,3.112,-2.356020942408377,-73.75,2022.0070828343894,1281.0078075846832,444.4026860499916,580.0997664715228,0.0,0.5833333333333334
63,0.2367,-1.4136125654450262,-73.75,2130.908454995277,1278.1075605849037,429.8000003942334,577.8930782587547,0.35446491804075125,1643.0833333333333
63,1.1514,-1.4136125654450262,-73.75,2130.908454995277,1278.1075605849037,429.8000003942334,577.8930782587547,0.1523042929292929,18.666666666666668
63,3.112,-1.4136125654450262,-73.75,2130.908454995277,1278.1075605849037,429.8000003942334,577.8930782587547,0.0,0.8333333333333334
64,0.2367,-0.4712041884816754,-73.75,2202.1584476498806,1277.243533700821,409.86965867036884,567.0691318871654,0.3625311710131907,1600.4166666666667
64,1.1514,-0.4712041884816754,-73.75,2202.1584476498806,1277.243533700821,409.86965867036884,567.0691318871654,0.15633625319986258,23.833333333333332
64,3.112,-0.4712041884816754,-73.75,2202.1584476498806,1277.243533700821,409.86965867036884,567.0691318871654,0.0,0.75
65,0.2367,0.4712041884816754,-73.75,2125.806851207561,1271.2585156325076,380.18347521331384,487.75654969359636,0.3950447937955488,1229.25
65,1.1514,0.4712041884816754,-73.75,2125.806851207561,1271.2585156325076,380.18347521331384,487.75654969359636,0.16133021262661,22.083333333333332
65,3.112,0.4712041884816754,-73.75,2125.806851207561,1271.2585156325076,380.18347521331384,487.75654969359636,0.0,0.5833333333333334
66,0.2367,1.4136125654450262,-73.75,1950.25306786798,1252.950804355787,331.31863646082394,333.1209013401112,0.4513741355708318,720.9166666666666
66,1.1514,1.4136125654450262,-73.75,1950.25306786798,1252.950804355787,331.31863646082394,333.1209013401112,0.21131553631553632,7.166666666666667
66,3.112,1.4136125654450262,-73.75,1950.25306786798,1252.950804355787,331.31863646082394,333.1209013401112,0.0,0.4166666666666667
67,0.2367,-14.60732984293194,-72.5,1027.1676962136937,510.54670709771926,167.67625011679354,1048.6545207805746,0.2567257015291226,3822.9166666666665
67,1.1514,-14.60732984293194,-72.5,1027.1676962136937,510.54670709771926,167.67625011679354,1048.6545207805746,0.22377187625113318,99.5
67,3.112,-14.60732984293194,-72.5,1027.1676962136937,510.54670709771926,167.67625011679354,1048.6545207805746,0.1628591316091316,18.75
68,0.2367,-13.664921465968591,-72.5,1974.673688669447,657.0054931334857,250.42848984646912,1089.6558889707867,0.3537655402182596,4445.25
68,1.1514,-13.664921465968591,-72.5,1974.673688669447,657.0054931334857,250.42848984646912,1089.6558889707867,0.20675343799916449,100.5
68,3.112,-13.664921465968591,-72.5,1974.673688669447,657.0054931334857,250.42848984646912,1089.6558889707867,0.23204365079365077,10.083333333333334
69,0.2367,-12.72251308900524,-72.5,2466.484243887404,857.9172190755025,385.85995928534703,1050.118797668477,0.2618491908843353,4510.5
69,1.1514,-12.72251308900524,-72.5,2466.484243887404,857.9172190755025,385.85995928534703,1050.118797668477,0.1679288166763179,57.166666666666664
69,3.112,-12.72251308900524,-72.5,2466.484243887404,857.9172190755025,385.85995928534703,1050.118797668477,0.20416666666666664,4.166666666666667
70,0.2367,-11.780104712041888,-72.5,1746.8961831992754,1117.8019612983917,456.0957378948855,586.1302593927112,0.3275480680986866,1782.0833333333333
70,1.1514,-11.780104712041888,-72.5,1746.8961831992754,1117.8019612983917,456.0957378948855,586.1302593927112,0.24178872705381993,13.25
70,3.112,-11.780104712041888,-72.5,1746.8961831992754,1117.8019612983917,456.0957378948855,586.1302593927112,0.1974206349206349,0.8333333333333334
71,0.2367,-10.837696335078538,-72.5,1357.5871194258718,1188.4085380425677,458.65942829606024,498.18747922254533,0.33783712968340157,1137.1666666666667
71,1.1514,-10.837696335078538,-72.5,1357.5871194258718,1188.4085380425677,458.65942829606024,498.18747922254533,0.25542112427712776,9.666666666666666
71,3.112,-10.837696335078538,-72.5,1357.5871194258718,1188.4085380425677,458.65942829606024,498.18747922254533,0.15099206349206348,0.6666666666666666
72,0.2367,-9.895287958115183,-72.5,1268.2944930748695,1202.0138111023698,457.5091435696689,537.0576333529068,0.29324545818204034,1284.9166666666667
72,1.1514,-9.895287958115183,-72.5,1268.2944930748695,1202.0138111023698,457.5091435696689,537.0576333529068,0.1893598905683822,10.5
72,3.112,-9.895287958115183,-72.5,1268.2944930748695,1202.0138111023698,457.5091435696689,537.0576333529068,0.0,1.0
73,0.2367,-8.952879581151834,-72.5,1239.437255126416,1187.9283282827237,452.37665737253394,526.8747711516386,0.2882033362723506,1251.25
73,1.1514,-8.952879581151834,-72.5,1239.437255126416,1187.9283282827237,452.37665737253394,526.8747711516386,0.17801021647770873,9.916666666666666
73,3.112,-8.952879581151834,-72.5,1239.437255126416,1187.9283282827237,452.37665737253394,526.8747711516386,0.0,0.8333333333333334
74,0.2367,-8.010471204188482,-72.5,1295.1461039858675,1211.6009965940611,463.8321660822609,517.461714858095,0.2934731817851549,1314.75
74,1.1514,-8.010471204188482,-72.5,1295.1461039858675,1211.6009965940611,463.8321660822609,517.461714858095,0.15450585258954289,9.916666666666666
74,3.112,-8.010471204188482,-72.5,1295.1461039858675,1211.6009965940611,463.8321660822609,517.461714858095,0.0,0.6666666666666666
75,0.2367,-7.0680628272251305,-72.5,1419.8918860560295,1237.5707801850513,474.59434119906683,520.0289221252185,0.2950144501815625,1416.8333333333333
75,1.1514,-7.0680628272251305,-72.5,1419.8918860560295,1237.5707801850513,474.59434119906683,520.0289221252185,0.14252695266225554,9.75
75,3.112,-7.0680628272251305,-72.5,1419.8918860560295,1237.5707801850513,474.59434119906683,520.0289221252185,0.0,0.4166666666666667
76,0.2367,-6.12565445026178,-72.5,1579.6718123612864,1249.3851788385655,482.1095545201239,552.8987525342636,0.31518134736976916,1668.6666666666667
76,1.1514,-6.12565445026178,-72.5,1579.6718123612864,1249.3851788385655,482.1095545201239,552.8987525342636,0.13060262451464336,11.583333333333334
76,3.112,-6.12565445026178,-72.5,1579.6718123612864,1249.3851788385655,482.1095545201239,552.8987525342636,0.0,0.5833333333333334
77,0.2367,-5.183246073298429,-72.5,1736.9226995217364,1263.1736643944168,484.4538096227238,571.9518684824594,0.3416432534432625,1812.5
77,1.1514,-5.183246073298429,-72.5,1736.9226995217364,1263.1736643944168,484.4538096227238,571.9518684824594,0.1562985139449064,12.916666666666666
77,3.112,-5.183246073298429,-72.5,1736.9226995217364,1263.1736643944168,484.4538096227238,571.9518684824594,0.0,0.75
78,0.2367,-4.240837696335079,-72.5,1895.0965722337014,1274.8739413512521,486.54294925719597,587.8132873232266,0.3403020592741088,1801.25
78,1.1514,-4.240837696335079,-72.5,1895.0965722337014,1274.8739413512521,486.54294925719597,587.8132873232266,0.13719349537077627,15.916666666666666
78,3.112,-4.240837696335079,-72.5,1895.0965722337014,1274.8739413512521,486.54294925719597,587.8132873232266,0.0,0.75
79,0.2367,-3.298429319371728,-72.5,1946.1859060789805,1284.8154566937592,485.1970410555854,563.4829955016107,0.3425930973646076,1624.5833333333333
79,1.1514,-3.298429319371728,-72.5,1946.1859060789805,1284.8154566937592,485.1970410555854,563.4829955016107,0.1480147507721037,16.333333333333332
79,3.112,-3.298429319371728,-72.5,1946.1859060789805,1284.8154566937592,485.1970410555854,563.4829955016107,0.0,0.5833333333333334
80,0.2367,-2.356020942408377,-72.5,2109.5765369017336,1281.049696301634,478.0240967034931,563.9183740830282,0.34945341509374955,1605.6666666666667
80,1.1514,-2.356020942408377,-72.5,2109.5765369017336,1281.049696301634,478.0240967034931,563.9183740830282,0.1365009474073219,17.666666666666668
80,3.112,-2.356020942408377,-72.5,2109.5765369017336,1281.049696301634,478.0240967034931,563.9183740830282,0.0,0.6666666666666666
81,0.2367,-1.4136125654450262,-72.5,2228.7245083535627,1280.489757724281,466.39594515874313,554.2392167853335,0.35372849426697045,1479.3333333333333
81,1.1514,-1.4136125654450262,-72.5,2228.7245083535627,1280.489757724281,466.39594515874313,554.2392167853335,0.15977674568312017,19.583333333333332
81,3.112,-1.4136125654450262,-72.5,2228.7245083535627,1280.489757724281,466.39594515874313,554.2392167853335,0.0,0.8333333333333334
82,0.2367,-0.4712041884816754,-72.5,2231.243876640606,1277.1846129461483,451.4654773501817,516.1023131479991,0.35887209613474386,1323.25
82,1.1514,-0.4712041884816754,-72.5,2231.243876640606,1277.1846129461483,451.4654773501817,516.1023131479991,0.14738391213411323,20.916666666666668
82,3.112,-0.4712041884816754,-72.5,2231.243876640606,1277.1846129461483,451.4654773501817,516.1023131479991,0.0,0.75
83,0.2367,0.4712041884816754,-72.5,2250.769642762628,1266.1296267466969,424.66657100813774,470.7754244521219,0.37666096127739923,1123.25
83,1.1514,0.4712041884816754,-72.5,2250.769642762628,1266.1296267466969,424.66657100813774,470.7754244521219,0.15433182690394717,24.916666666666668
83,3.112,0.4712041884816754,-72.5,2250.769642762628,1266.1296267466969,424.66657100813774,470.7754244521219,0.0,0.5833333333333334
84,0.2367,1.4136125654450262,-72.5,2287.8906047820237,1266.4248143680743,381.81785205615176,397.4635642010626,0.39774887660728514,839.4166666666666
84,1.1514,1.4136125654450262,-72.5,2287.8906047820237,1266.4248143680743,381.81785205615176,397.4635642010626,0.1920180492452164,17.583333333333332
84,3.112,1.4136125654450262,-72.5,2287.8906047820237,1266.4248143680743,381.81785205615176,397.4635642010626,0.0,0.5833333333333334
85,0.2367,-14.60732984293194,-71.25,1269.022912840981,529.5749836091272,170.3977250476353,1689.0671134297877,0.2224037015485881,6419.25
85,1.1514,-14.60732984293194,-71.25,1269.022912840981,529.5749836091272,170.3977250476353,1689.0671134297877,0.1324931892323765,203.08333333333334
85,3.112,-14.60732984293194,-71.25,1269.022912840981,529.5749836091272,170.3977250476353,1689.0671134297877,0.09527085173205323,33.833333333333336
86,0.2367,-13.664921465968591,-71.25,2392.2665407257755,792.1125897535239,282.0207873464084,1287.350678664351,0.30495796984745743,5451.083333333333
86,1.1514,-13.664921465968591,-71.25,2392.2665407257755,792.1125897535239,282.0207873464084,1287.350678664351,0.1806216202439237,135.58333333333334
86,3.112,-13.664921465968591,-71.25,2392.2665407257755,792.1125897535239,282.0207873464084,1287.350678664351,0.17245879120879118,14.75
87,0.2367,-12.72251308900524,-71.25,2321.867726173282,1010.8852831034164,390.29103172574463,965.0591139146787,0.26422917492650133,3938.5833333333335
87,1.1514,-12.72251308900524,-71.25,2321.867726173282,1010.8852831034164,390.29103172574463,965.0591139146787,0.1962277801188259,44.166666666666664
87,3.112,-12.72251308900524,-71.25,2321.867726173282,1010.8852831034164,390.29103172574463,965.0591139146787,0.14831349206349206,3.4166666666666665
88,0.2367,-11.780104712041888,-71.25,1560.1598971959954,1161.9364676860278,423.8768371869269,514.5597451876071,0.3377061087830177,1242.4166666666667
88,1.1514,-11.780104712041888,-71.25,1560.1598971959954,1161.9364676860278,423.8768371869269,514.5597451876071,0.223030688244504,10.666666666666666
88,3.112,-11.780104712041888,-71.25,1560.1598971959954,1161.9364676860278,423.8768371869269,514.5597451876071,0.16666666666666666,0.25
89,0.2367,-10.837696335078538,-71.25,1266.345617645265,1172.1238477021689,416.5514625898708,491.3809985821268,0.315140082007557,1088.8333333333333
89,1.1514,-10.837696335078538,-71.25,1266.345617645265,1172.1238477021689,416.5514625898708,491.3809985821268,0.1918833106228591,11.083333333333334
89,3.112,-10.837696335078538,-71.25,1266.345617645265,1172.1238477021689,416.5514625898708,491.3809985821268,0.0,0.4166666666666667
90,0.2367,-9.895287958115183,-71.25,1246.849673347043,1185.6491095699312,426.3861037731407,502.7010855183149,0.27904132814506627,1203.25
90,1.1514,-9.895287958115183,-71.25,1246.849673347043,1185.6491095699312,426.3861037731407,502.7010855183149,0.18483331979123385,9.833333333333334
90,3.112,-9.895287958115183,-71.25,1246.849673347043,1185.6491095699312,426.3861037731407,502.7010855183149,0.0,1.0
91,0.2367,-8.952879581151834,-71.25,1319.9601831471675,1220.9662767706322,454.5587025781524,501.3932835306823,0.2609015502095198,1295.8333333333333
91,1.1514,-8.952879581151834,-71.25,1319.9601831471675,1220.9662767706322,454.5587025781524,501.3932835306823,0.1352125718708536,8.916666666666666
91,3.112,-8.952879581151834,-71.25,1319.9601831471675,1220.9662767706322,454.5587025781524,501.3932835306823,0.0,0.6666666666666666
92,0.2367,-8.010471204188482,-71.25,1394.1930765659795,1222.4636192040634,463.2007095713599,502.2805875084629,0.2504143772712684,1382.4166666666667
92,1.1514,-8.010471204188482,-71.25,1394.1930765659795,1222.4636192040634,463.2007095713599,502.2805875084629,0.12642570635991687,10.166666666666666
92,3.112,-8.010471204188482,-71.25,1394.1930765659795,1222.4636192040634,463.2007095713599,502.2805875084629,0.0,0.6666666666666666
93,0.2367,-7.0680628272251305,-71.25,1489.1109246632386,1230.8830433443654,473.45305440789537,498.6541906148125,0.2826080498105748,1437.0833333333333
93,1.1514,-7.0680628272251305,-71.25,1489.1109246632386,1230.8830433443654,473.45305440789537,498.6541906148125,0.1273885186806535,9.083333333333334
93,3.112,-7.0680628272251305,-71.25,1489.1109246632386,1230.8830433443654,473.45305440789537,498.6541906148125,0.0,0.4166666666666667
94,0.2367,-6.12565445026178,-71.25,1623.2324711719145,1246.3057669415139,488.3739561746759,522.9435888749351,0.31056852383256756,1642.5
94,1.1514,-6.12565445026178,-71.25,1623.2324711719145,1246.3057669415139,488.3739561746759,522.9435888749351,0.10843232622078773,12.416666666666666
94,3.112,-6.12565445026178,-71.25,1623.2324711719145,1246.3057669415139,488.3739561746759,522.9435888749351,0.0,0.5833333333333334
95,0.2367,-5.183246073298429,-71.25,1752.2388847332725,1259.5148552584578,498.5460762564036,541.4285542104607,0.3016647519925888,1697.5
95,1.1514,-5.183246073298429,-71.25,1752.2388847332725,1259.5148552584578,498.5460762564036,541.4285542104607,0.1290700648617004,13.166666666666666
95,3.112,-5.183246073298429,-71.25,1752.2388847332725,1259.5148552584578,498.5460762564036,541.4285542104607,0.0,0.6666666666666666
96,0.2367,-4.240837696335079,-71.25,1841.4474238782507,1273.6923375618062,505.325355724756,537.1478077469397,0.3416421707921313,1565.0833333333333
96,1.1514,-4.240837696335079,-71.25,1841.4474238782507,1273.6923375618062,505.325355724756,537.1478077469397,0.14376829336935718,12.666666666666666
96,3.112,-4.240837696335079,-71.25,1841.4474238782507,1273.6923375618062,505.325355724756,537.1478077469397,0.0,0.5833333333333334
97,0.2367,-3.298429319371728,-71.25,1893.9849648305926,1281.7768285993952,508.2755303620273,517.7908804994543,0.34496789638707265,1386.25
97,1.1514,-3.298429319371728,-71.25,1893.9849648305926,1281.7768285993952,508.2755303620273,517.7908804994543,0.1476877289377289,12.0
97,3.112,-3.298429319371728,-71.25,1893.9849648305926,1281.7768285993952,508.2755303620273,517.7908804994543,0.0,0.4166666666666667
98,0.2367,-2.356020942408377,-71.25,2087.99215313743,1287.8590752095624,509.38971920705546,531.7360218466862,0.34721344990288266,1409.5
98,1.1514,-2.356020942408377,-71.25,2087.99215313743,1287.8590752095624,509.38971920705546,531.7360218466862,0.15252770967412402,14.666666666666666
98,3.112,-2.356020942408377,-71.25,2087.99215313743,1287.8590752095624,509.38971920705546,531.7360218466862,0.0,0.9166666666666666
99,0.2367,-1.4136125654450262,-71.25,2217.0824445493295,1294.3212408167892,507.0861644679056,515.5362397196517,0.3586739268008127,1229.6666666666667
99,1.1514,-1.4136125654450262,-71.25,2217.0824445493295,1294.3212408167892,507.0861644679056,515.5362397196517,0.1716319605511745,16.083333333333332
99,3.112,-1.4136125654450262,-71.25,2217.0824445493295,1294.3212408167892,507.0861644679056,515.5362397196517,0.0,0.6666666666666666
100,0.2367,-0.4712041884816754,-71.25,2299.7277431383486,1288.80655904155,490.5193137981714,486.64883518310165,0.36698198509991314,1075.5833333333333
100,1.1514,-0.4712041884816754,-71.25,2299.7277431383486,1288.80655904155,490.5193137981714,486.64883518310165,0.14527797830717537,19.166666666666668
100,3.112,-0.4712041884816754,-71.25,2299.7277431383486,1288.80655904155,490.5193137981714,486.64883518310165,0.0,0.8333333333333334
101,0.2367,0.4712041884816754,-71.25,2319.5696400499023,1274.5174992608372,465.5590008905109,441.45063255479107,0.38108870952403984,911.8333333333334
101,1.1514,0.4712041884816754,-71.25,2319.5696400499023,1274.5174992608372,465.5590008905109,441.45063255479107,0.1542732946813905,20.333333333333332
101,3.112,0.4712041884816754,-71.25,2319.5696400499023,1274.5174992608372,465.5590008905109,441.45063255479107,0.0,0.8333333333333334
102,0.2367,1.4136125654450262,-71.25,2326.494751963243,1265.3230381519825,415.45710696605795,379.5901997934658,0.39554460420771614,733.8333333333334
102,1.1514,1.4136125654450262,-71.25,2326.494751963243,1265.3230381519825,415.45710696605795,379.5901997934658,0.1895763187429854,18.0
102,3.112,1.4136125654450262,-71.25,2326.494751963243,1265.3230381519825,415.45710696605795,379.5901997934658,0.0,0.75
103,0.2367,-13.664921465968591,-70.0,2644.166598715473,842.3997077113017,241.34494810724954,1060.5216589328988,0.27967726861174996,4435.333333333333
103,1.1514,-13.664921465968591,-70.0,2644.166598715473,842.3997077113017,241.34494810724954,1060.5216589328988,0.2205732860634431,75.66666666666667
103,3.112,-13.664921465968591,-70.0,2644.166598715473,842.3997077113017,241.34494810724954,1060.5216589328988,0.12748015873015872,4.666666666666667
104,0.2367,-12.72251308900524,-70.0,1946.643689839912,1123.1969764572568,372.36912327702265,639.7890244716444,0.33607537577713265,2181.8333333333335
104,1.1514,-12.72251308900524,-70.0,1946.643689839912,1123.1969764572568,372.36912327702265,639.7890244716444,0.26191608672258826,21.333333333333332
104,3.112,-12.72251308900524,-70.0,1946.643689839912,1123.1969764572568,372.36912327702265,639.7890244716444,0.1625,0.16666666666666666
105,0.2367,-11.780104712041888,-70.0,1210.841854539088,1134.9748992396053,372.59671761370714,463.41766395015384,0.3540754477246378,998.0833333333334
105,1.1514,-11.780104712041888,-70.0,1210.841854539088,1134.9748992396053,372.59671761370714,463.41766395015384,0.21441081493326075,8.666666666666666
105,3.112,-11.780104712041888,-70.0,1210.841854539088,1134.9748992396053,372.59671761370714,463.41766395015384,0.0,0.0
106,0.2367,-10.837696335078538,-70.0,1186.3443710195575,1138.3722256231704,376.62068490387315,482.67651627026424,0.3175522212927428,1137.75
106,1.1514,-10.837696335078538,-70.0,1186.3443710195575,1138.3722256231704,376.62068490387315,482.67651627026424,0.11796846263758028,9.333333333333334
106,3.112,-10.837696335078538,-70.0,1186.3443710195575,1138.3722256231704,376.62068490387315,482.67651627026424,0.0,0.3333333333333333
107,0.2367,-9.895287958115183,-70.0,1280.376526027707,1198.3847511716885,412.43689274216524,492.31899645148553,0.2767907055361429,1283.3333333333333
107,1.1514,-9.895287958115183,-70.0,1280.376526027707,1198.3847511716885,412.43689274216524,492.31899645148553,0.12620150818680229,7.833333333333333
107,3.112,-9.895287958115183,-70.0,1280.376526027707,1198.3847511716885,412.43689274216524,492.31899645148553,0.0,0.75
108,0.2367,-8.952879581151834,-70.0,1367.8445416208724,1221.684022929403,438.98526622815325,484.25835531325424,0.24870529696116364,1298.5
108,1.1514,-8.952879581151834,-70.0,1367.8445416208724,1221.684022929403,438.98526622815325,484.25835531325424,0.11333874458874456,8.75
108,3.112,-8.952879581151834,-70.0,1367.8445416208724,1221.684022929403,438.98526622815325,484.25835531325424,0.0,0.5833333333333334
109,0.2367,-8.010471204188482,-70.0,1423.4775160670763,1221.7862445290666,456.92236931832895,470.35338828512045,0.2525135359410403,1323.3333333333333
109,1.1514,-8.010471204188482,-70.0,1423.4775160670763,1221.7862445290666,456.92236931832895,470.35338828512045,0.11717171717171715,9.166666666666666
109,3.112,-8.010471204188482,-70.0,1423.4775160670763,1221.7862445290666,456.92236931832895,470.35338828512045,0.0,0.3333333333333333
110,0.2367,-7.0680628272251305,-70.0,1502.373300826169,1227.1759114784072,475.687407367397,465.7789017783454,0.2542393184070722,1330.5
110,1.1514,-7.0680628272251305,-70.0,1502.373300826169,1227.1759114784072,475.687407367397,465.7789017783454,0.12605519480519478,7.583333333333333
110,3.112,-7.0680628272251305,-70.0,1502.373300826169,1227.1759114784072,475.687407367397,465.7789017783454,0.0,0.3333333333333333
111,0.2367,-6.12565445026178,-70.0,1635.7547622997613,1240.0894619492465,497.20259585954125,497.00225665889315,0.2917767618264411,1491.25
111,1.1514,-6.12565445026178,-70.0,1635.7547622997613,1240.0894619492465,497.20259585954125,497.00225665889315,0.12958152958152955,9.5
111,3.112,-6.12565445026178,-70.0,1635.7547622997613,1240.0894619492465,497.20259585954125,497.00225665889315,0.0,0.5833333333333334
112,0.2367,-5.183246073298429,-70.0,1750.031996116476,1254.6944884848199,509.4384863639196,503.9068803898895,0.29439852735437533,1447.75
112,1.1514,-5.183246073298429,-70.0,1750.031996116476,1254.6944884848199,509.4384863639196,503.9068803898895,0.13330804544039834,10.916666666666666
112,3.112,-5.183246073298429,-70.0,1750.031996116476,1254.6944884848199,509.4384863639196,503.9068803898895,0.0,0.5
113,0.2367,-4.240837696335079,-70.0,1819.4515667726619,1294.1638176111155,528.9722819866814,503.575832910822,0.3311407847967173,1355.0
113,1.1514,-4.240837696335079,-70.0,1819.4515667726619,1294.1638176111155,528.9722819866814,503.575832910822,0.12749823276139063,10.75
113,3.112,-4.240837696335079,-70.0,1819.4515667726619,1294.1638176111155,528.9722819866814,503.575832910822,0.0,0.5
114,0.2367,-3.298429319371728,-70.0,1989.8938281172475,1282.5535005066195,530.6870703401607,519.9830649773146,0.3399896067321,1326.5
114,1.1514,-3.298429319371728,-70.0,1989.8938281172475,1282.5535005066195,530.6870703401607,519.9830649773146,0.1304309921157747,14.25
114,3.112,-3.298429319371728,-70.0,1989.8938281172475,1282.5535005066195,530.6870703401607,519.9830649773146,0.0,0.75
115,0.2367,-2.356020942408377,-70.0,2098.815826094955,1293.030989378749,536.4860904914076,511.679580046894,0.34635058759160436,1256.25
115,1.1514,-2.356020942408377,-70.0,2098.815826094955,1293.030989378749,536.4860904914076,511.679580046894,0.17037698613785568,14.25
115,3.112,-2.356020942408377,-70.0,2098.815826094955,1293.030989378749,536.4860904914076,511.679580046894,0.0,0.8333333333333334
116,0.2367,-1.4136125654450262,-70.0,2211.2253237886816,1306.0161894449266,538.7811580526693,489.15273904333895,0.3586429556906536,1100.0833333333333
116,1.1514,-1.4136125654450262,-70.0,2211.2253237886816,1306.0161894449266,538.7811580526693,489.15273904333895,0.15396825396825395,14.25
116,3.112,-1.4136125654450262,-70.0,2211.2253237886816,1306.0161894449266,538.7811580526693,489.15273904333895,0.0,0.75
117,0.2367,-0.4712041884816754,-70.0,2435.012048866533,1303.8111742907495,529.9656992663236,491.2257197094996,0.3593167496026175,1036.1666666666667
117,1.1514,-0.4712041884816754,-70.0,2435.012048866533,1303.8111742907495,529.9656992663236,491.2257197094996,0.14487327974170075,20.75
117,3.112,-0.4712041884816754,-70.0,2435.012048866533,1303.8111742907495,529.9656992663236,491.2257197094996,0.0,0.8333333333333334
118,0.2367,0.4712041884816754,-70.0,2506.348872770467,1308.048469373316,507.8137961873256,453.8700575601623,0.37409400684641886,865.0833333333334
118,1.1514,0.4712041884816754,-70.0,2506.348872770467,1308.048469373316,507.8137961873256,453.8700575601623,0.15253040263957293,22.75
118,3.112,0.4712041884816754,-70.0,2506.348872770467,1308.048469373316,507.8137961873256,453.8700575601623,0.0,0.8333333333333334
119,0.2367,1.4136125654450262,-70.0,2462.109597618205,1281.8167878664099,451.9878570336695,375.5360767577201,0.39783526718310575,627.5833333333334
119,1.1514,1.4136125654450262,-70.0,2462.109597618205,1281.8167878664099,451.9878570336695,375.5360767577201,0.17044994765583,18.75
119,3.112,1.4136125654450262,-70.0,2462.109597618205,1281.8167878664099,451.9878570336695,375.5360767577201,0.0,0.9166666666666666
120,0.2367,-15.549738219895294,-68.75,2127.8974986482444,970.9213688316231,170.6273971738353,1208.0991753752196,0.23566312137295964,4564.583333333333
120,1.1514,-15.549738219895294,-68.75,2127.8974986482444,970.9213688316231,170.6273971738353,1208.0991753752196,0.17478714926395442,97.91666666666667
120,3.112,-15.549738219895294,-68.75,2127.8974986482444,970.9213688316231,170.6273971738353,1208.0991753752196,0.08849206349206347,5.416666666666667
121,0.2367,-14.60732984293194,-68.75,2292.964737319388,859.3448387022363,222.19800507798394,952.7447500522396,0.30347234937199097,3933.0
121,1.1514,-14.60732984293194,-68.75,2292.964737319388,859.3448387022363,222.19800507798394,952.7447500522396,0.227006964610332,53.0
121,3.112,-14.60732984293194,-68.75,2292.964737319388,859.3448387022363,222.19800507798394,952.7447500522396,0.16805555555555554,1.25
122,0.2367,-13.664921465968591,-68.75,2298.534087740561,1020.2798795547278,294.5688705028236,767.9440093058628,0.30374925001928316,3152.5833333333335
122,1.1514,-13.664921465968591,-68.75,2298.534087740561,1020.2798795547278,294.5688705028236,767.9440093058628,0.2098408837539272,28.916666666666668
122,3.112,-13.664921465968591,-68.75,2298.534087740561,1020.2798795547278,294.5688705028236,767.9440093058628,0.15277777777777776,0.0
123,0.2367,-12.72251308900524,-68.75,1389.8472485514053,1142.4169944628375,331.8537768000182,503.0580619523677,0.33998921042036295,1461.25
123,1.1514,-12.72251308900524,-68.75,1389.8472485514053,1142.4169944628375,331.8537768000182,503.0580619523677,0.20219712885154062,8.833333333333334
123,3.112,-12.72251308900524,-68.75,1389.8472485514053,1142.4169944628375,331.8537768000182,503.0580619523677,0.0,0.0
124,0.2367,-11.780104712041888,-68.75,1130.598284376495,1094.2940152731899,325.781298659017,474.50355265257195,0.32892363524118884,1125.0
124,1.1514,-11.780104712041888,-68.75,1130.598284376495,1094.2940152731899,325.781298659017,474.50355265257195,0.10728854478854477,6.75
124,3.112,-11.780104712041888,-68.75,1130.598284376495,1094.2940152731899,325.781298659017,474.50355265257195,0.0,0.0
125,0.2367,-10.837696335078538,-68.75,1204.6574414458307,1131.3323241579928,348.90687479603196,477.9486598993924,0.2643536218712785,1170.25
125,1.1514,-10.837696335078538,-68.75,1204.6574414458307,1131.3323241579928,348.90687479603196,477.9486598993924,0.09874338624338623,7.583333333333333
125,3.112,-10.837696335078538,-68.75,1204.6574414458307,1131.3323241579928,348.90687479603196,477.9486598993924,0.0,0.16666666666666666
126,0.2367,-9.895287958115183,-68.75,1296.654809840106,1186.1631536913046,386.6534313953052,464.37783575926164,0.2610113121904161,1221.25
126,1.1514,-9.895287958115183,-68.75,1296.654809840106,1186.1631536913046,386.6534313953052,464.37783575926164,0.11265933140933139,6.916666666666667
126,3.112,-9.895287958115183,-68.75,1296.654809840106,1186.1631536913046,386.6534313953052,464.37783575926164,0.0,0.6666666666666666
127,0.2367,-8.952879581151834,-68.75,1353.6588861570726,1207.775019464898,421.4945128990479,448.6923929825337,0.23086779201562344,1169.5833333333333
127,1.1514,-8.952879581151834,-68.75,1353.6588861570726,1207.775019464898,421.4945128990479,448.6923929825337,0.12473544973544974,7.0
127,3.112,-8.952879581151834,-68.75,1353.6588861570726,1207.775019464898,421.4945128990479,448.6923929825337,0.0,0.5
128,0.2367,-8.010471204188482,-68.75,1424.3420590863811,1215.863012965856,447.6187545742517,440.79329264404794,0.22903792496974562,1188.3333333333333
128,1.1514,-8.010471204188482,-68.75,1424.3420590863811,1215.863012965856,447.6187545742517,440.79329264404794,0.11344696969696967,8.0
128,3.112,-8.010471204188482,-68.75,1424.3420590863811,1215.863012965856,447.6187545742517,440.79329264404794,0.0,0.3333333333333333
129,0.2367,-7.0680628272251305,-68.75,1549.264394124594,1222.79397056991,474.7931003893307,453.9048253598569,0.24060981904863307,1317.4166666666667
129,1.1514,-7.0680628272251305,-68.75,1549.264394124594,1222.79397056991,474.7931003893307,453.9048253598569,0.11413239538239535,7.583333333333333
129,3.112,-7.0680628272251305,-68.75,1549.264394124594,1222.79397056991,474.7931003893307,453.9048253598569,0.0,0.25
130,0.2367,-6.12565445026178,-68.75,1624.1429151321913,1237.5302234402625,498.83330359818217,461.0430214064675,0.24554961643347709,1321.1666666666667
130,1.1514,-6.12565445026178,-68.75,1624.1429151321913,1237.5302234402625,498.83330359818217,461.0430214064675,0.14175986050986047,8.666666666666666
130,3.112,-6.12565445026178,-68.75,1624.1429151321913,1237.5302234402625,498.83330359818217,461.0430214064675,0.0,0.4166666666666667
131,0.2367,-5.183246073298429,-68.75,1762.3378833274285,1252.54404903244,518.7079213182412,480.58640396312376,0.30068230840432836,1285.0833333333333
131,1.1514,-5.183246073298429,-68.75,1762.3378833274285,1252.54404903244,518.7079213182412,480.58640396312376,0.12772817460317457,10.75
131,3.112,-5.183246073298429,-68.75,1762.3378833274285,1252.54404903244,518.7079213182412,480.58640396312376,0.0,0.5
132,0.2367,-4.240837696335079,-68.75,1880.5270086554606,1268.7592273042537,534.859167606115,495.734347038578,0.32426521951248055,1244.75
132,1.1514,-4.240837696335079,-68.75,1880.5270086554606,1268.7592273042537,534.859167606115,495.734347038578,0.12605139743297636,14.0
132,3.112,-4.240837696335079,-68.75,1880.5270086554606,1268.7592273042537,534.859167606115,495.734347038578,0.0,0.5833333333333334
133,0.2367,-3.298429319371728,-68.75,1959.7873343046097,1322.0210487037548,560.913191860698,484.59968091591725,0.34212662602053695,1134.5
133,1.1514,-3.298429319371728,-68.75,1959.7873343046097,1322.0210487037548,560.913191860698,484.59968091591725,0.13232600732600727,13.416666666666666
133,3.112,-3.298429319371728,-68.75,1959.7873343046097,1322.0210487037548,560.913191860698,484.59968091591725,0.0,0.5
134,0.2367,-2.356020942408377,-68.75,2160.388222553524,1292.4887010974635,559.973352901038,497.57225229564045,0.3439152060385024,1071.25
134,1.1514,-2.356020942408377,-68.75,2160.388222553524,1292.4887010974635,559.973352901038,497.57225229564045,0.1551622759956093,16.25
134,3.112,-2.356020942408377,-68.75,2160.388222553524,1292.4887010974635,559.973352901038,497.57225229564045,0.0,0.9166666666666666
135,0.2367,-1.4136125654450262,-68.75,2302.3953507963356,1309.0294903091853,565.8419750087364,503.8873996067396,0.351267111723449,1028.1666666666667
135,1.1514,-1.4136125654450262,-68.75,2302.3953507963356,1309.0294903091853,565.8419750087364,503.8873996067396,0.1491215891951186,18.833333333333332
135,3.112,-1.4136125654450262,-68.75,2302.3953507963356,1309.0294903091853,565.8419750087364,503.8873996067396,0.0,0.9166666666666666
136,0.2367,-0.4712041884816754,-68.75,2578.7021907486182,1339.6941376125324,568.298691778942,513.5247426431147,0.3498106590142403,990.1666666666666
136,1.1514,-0.4712041884816754,-68.75,2578.7021907486182,1339.6941376125324,568.298691778942,513.5247426431147,0.15342115382229993,24.75
136,3.112,-0.4712041884816754,-68.75,2578.7021907486182,1339.6941376125324,568.298691778942,513.5247426431147,0.0,0.9166666666666666
137,0.2367,0.4712041884816754,-68.75,2709.677580123637,1333.6241686582798,548.2172398765016,474.29998712607915,0.36953395542604667,834.0
137,1.1514,0.4712041884816754,-68.75,2709.677580123637,1333.6241686582798,548.2172398765016,474.29998712607915,0.16465474526620036,28.0
137,3.112,0.4712041884816754,-68.75,2709.677580123637,1333.6241686582798,548.2172398765016,474.29998712607915,0.0,1.0
138,0.2367,1.4136125654450262,-68.75,2891.129620077383,1312.7546918269945,494.04874363547054,423.87477330634493,0.3902767919047476,628.75
138,1.1514,1.4136125654450262,-68.75,2891.129620077383,1312.7546918269945,494.04874363547054,423.87477330634493,0.16705724288799925,27.666666666666668
138,3.112,1.4136125654450262,-68.75,2891.129620077383,1312.7546918269945,494.04874363547054,423.87477330634493,0.0,1.0833333333333333
139,0.2367,2.356020942408377,-68.75,3011.3941903585724,1299.8365642516,407.1638108215531,341.69944272801945,0.41801713595167755,398.8333333333333
139,1.1514,2.356020942408377,-68.75,3011.3941903585724,1299.8365642516,407.1638108215531,341.69944272801945,0.2725281662781663,18.0
139,3.112,2.356020942408377,-68.75,3011.3941903585724,1299.8365642516,407.1638108215531,341.69944272801945,0.0,1.0833333333333333
140,0.2367,-16.492146596858646,-67.5,2122.7985137172973,868.7296262970085,104.81613968865786,937.3165771056895,0.2637231819295894,3160.4166666666665
140,1.1514,-16.492146596858646,-67.5,2122.7985137172973,868.7296262970085,104.81613968865786,937.3165771056895,0.19051107883344723,53.0
140,3.112,-16.492146596858646,-67.5,2122.7985137172973,868.7296262970085,104.81613968865786,937.3165771056895,0.18055555555555555,2.1666666666666665
141,0.2367,-15.549738219895294,-67.5,2209.4457438136396,961.2992633811518,200.70479561646192,918.9816729016903,0.24968338177949775,3573.25
141,1.1514,-15.549738219895294,-67.5,2209.4457438136396,961.2992633811518,200.70479561646192,918.9816729016903,0.16965988453411052,40.0
141,3.112,-15.549738219895294,-67.5,2209.4457438136396,961.2992633811518,200.70479561646192,918.9816729016903,0.11111111111111109,0.8333333333333334
142,0.2367,-14.60732984293194,-67.5,1649.410633664484,1060.4342539407662,262.7503578850708,531.4448201697435,0.35983760542837134,1617.8333333333333
142,1.1514,-14.60732984293194,-67.5,1649.410633664484,1060.4342539407662,262.7503578850708,531.4448201697435,0.24956860269360268,4.75
142,3.112,-14.60732984293194,-67.5,1649.410633664484,1060.4342539407662,262.7503578850708,531.4448201697435,0.19444444444444442,0.0
143,0.2367,-13.664921465968591,-67.5,1305.7889653867433,1137.160171016003,285.91709727390315,449.75016072935813,0.3360984025719899,1183.0833333333333
143,1.1514,-13.664921465968591,-67.5,1305.7889653867433,1137.160171016003,285.91709727390315,449.75016072935813,0.1569083694083694,3.25
143,3.112,-13.664921465968591,-67.5,1305.7889653867433,1137.160171016003,285.91709727390315,449.75016072935813,0.0,0.0
144,0.2367,-12.72251308900524,-67.5,1121.1445133027273,1073.750109022949,273.0173948235314,437.5352903530899,0.344634220196484,1082.5
144,1.1514,-12.72251308900524,-67.5,1121.1445133027273,1073.750109022949,273.0173948235314,437.5352903530899,0.07060185185185182,4.083333333333333
144,3.112,-12.72251308900524,-67.5,1121.1445133027273,1073.750109022949,273.0173948235314,437.5352903530899,0.0,0.0
145,0.2367,-11.780104712041888,-67.5,1102.5388930886775,1080.9354452960542,293.1978093566265,443.58933689935674,0.2397768784473124,1007.0
145,1.1514,-11.780104712041888,-67.5,1102.5388930886775,1080.9354452960542,293.1978093566265,443.58933689935674,0.06299603174603173,5.5
145,3.112,-11.780104712041888,-67.5,1102.5388930886775,1080.9354452960542,293.1978093566265,443.58933689935674,0.0,0.0
146,0.2367,-10.837696335078538,-67.5,1205.887948053891,1140.7890107881394,327.2977597326535,439.47424840824675,0.2710474294222618,1006.0833333333334
146,1.1514,-10.837696335078538,-67.5,1205.887948053891,1140.7890107881394,327.2977597326535,439.47424840824675,0.09480820105820104,5.75
146,3.112,-10.837696335078538,-67.5,1205.887948053891,1140.7890107881394,327.2977597326535,439.47424840824675,0.0,0.08333333333333333
147,0.2367,-9.895287958115183,-67.5,1337.280383220661,1120.9997188134002,348.94888618230465,431.18868503897323,0.22242061810506095,1069.3333333333333
147,1.1514,-9.895287958115183,-67.5,1337.280383220661,1120.9997188134002,348.94888618230465,431.18868503897323,0.12066798941798941,6.5
147,3.112,-9.895287958115183,-67.5,1337.280383220661,1120.9997188134002,348.94888618230465,431.18868503897323,0.0,0.08333333333333333
148,0.2367,-8.952879581151834,-67.5,1357.4911213576886,1208.730212826049,403.70640323463914,417.20964748386575,0.2405391628576826,1093.0833333333333
148,1.1514,-8.952879581151834,-67.5,1357.4911213576886,1208.730212826049,403.70640323463914,417.20964748386575,0.10565476190476188,5.416666666666667
148,3.112,-8.952879581151834,-67.5,1357.4911213576886,1208.730212826049,403.70640323463914,417.20964748386575,0.0,0.3333333333333333
149,0.2367,-8.010471204188482,-67.5,1438.3048000914723,1218.9326449146029,436.9187472356611,422.5815034731525,0.25232110143513903,1192.9166666666667
149,1.1514,-8.010471204188482,-67.5,1438.3048000914723,1218.9326449146029,436.9187472356611,422.5815034731525,0.10848665223665221,6.833333333333333
149,3.112,-8.010471204188482,-67.5,1438.3048000914723,1218.9326449146029,436.9187472356611,422.5815034731525,0.0,0.4166666666666667
150,0.2367,-7.0680628272251305,-67.5,1574.4540059319256,1214.561593347753,464.7232003499981,445.98776364167236,0.23897913480110064,1312.5833333333333
150,1.1514,-7.0680628272251305,-67.5,1574.4540059319256,1214.561593347753,464.7232003499981,445.98776364167236,0.11040903540903539,8.5
150,3.112,-7.0680628272251305,-67.5,1574.4540059319256,1214.561593347753,464.7232003499981,445.98776364167236,0.0,0.5
151,0.2367,-6.12565445026178,-67.5,1644.648561034686,1233.8361935890862,500.7700356939407,446.12795714351523,0.24666018298917436,1241.75
151,1.1514,-6.12565445026178,-67.5,1644.648561034686,1233.8361935890862,500.7700356939407,446.12795714351523,0.13501221001220998,9.5
151,3.112,-6.12565445026178,-67.5,1644.648561034686,1233.8361935890862,500.7700356939407,446.12795714351523,0.0,0.25
152,0.2367,-5.183246073298429,-67.5,1702.3599923320626,1250.4514455606113,525.7052348062841,444.18173293793393,0.28972451586763087,1153.5833333333333
152,1.1514,-5.183246073298429,-67.5,1702.3599923320626,1250.4514455606113,525.7052348062841,444.18173293793393,0.13537608225108225,9.833333333333334
152,3.112,-5.183246073298429,-67.5,1702.3599923320626,1250.4514455606113,525.7052348062841,444.18173293793393,0.0,0.4166666666666667
153,0.2367,-4.240837696335079,-67.5,1844.8322604157497,1263.5487043694593,548.9376219899528,459.557303800644,0.3493217447040093,1061.5
153,1.1514,-4.240837696335079,-67.5,1844.8322604157497,1263.5487043694593,548.9376219899528,459.557303800644,0.1267406204906205,11.416666666666666
153,3.112,-4.240837696335079,-67.5,1844.8322604157497,1263.5487043694593,548.9376219899528,459.557303800644,0.0,0.6666666666666666
154,0.2367,-3.298429319371728,-67.5,1894.9769023152066,1296.6206511610653,568.0937757376137,446.9969843615907,0.3466117627123158,938.0
154,1.1514,-3.298429319371728,-67.5,1894.9769023152066,1296.6206511610653,568.0937757376137,446.9969843615907,0.1409086162375636,10.75
154,3.112,-3.298429319371728,-67.5,1894.9769023152066,1296.6206511610653,568.0937757376137,446.9969843615907,0.0,0.5
155,0.2367,-2.356020942408377,-67.5,2071.5109402761545,1297.7304165187525,577.3042060382759,461.0826295459821,0.35198471827788086,882.5
155,1.1514,-2.356020942408377,-67.5,2071.5109402761545,1297.7304165187525,577.3042060382759,461.0826295459821,0.14860139860139857,15.916666666666666
155,3.112,-2.356020942408377,-67.5,2071.5109402761545,1297.7304165187525,577.3042060382759,461.0826295459821,0.0,0.75
156,0.2367,-1.4136125654450262,-67.5,2261.737239329371,1307.4027843901422,583.9099816605433,470.575263199095,0.35562908661442055,837.9166666666666
156,1.1514,-1.4136125654450262,-67.5,2261.737239329371,1307.4027843901422,583.9099816605433,470.575263199095,0.16549779268432518,17.416666666666668
156,3.112,-1.4136125654450262,-67.5,2261.737239329371,1307.4027843901422,583.9099816605433,470.575263199095,0.0,0.75
157,0.2367,-0.4712041884816754,-67.5,2538.902114238548,1316.7399678117363,586.5623497326175,495.0064416252654,0.35438285866535835,829.0833333333334
157,1.1514,-0.4712041884816754,-67.5,2538.902114238548,1316.7399678117363,586.5623497326175,495.0064416252654,0.15873972737483094,22.0
157,3.112,-0.4712041884816754,-67.5,2538.902114238548,1316.7399678117363,586.5623497326175,495.0064416252654,0.0,1.25
158,0.2367,0.4712041884816754,-67.5,2708.102328314854,1330.4363548726542,575.0366919513484,470.6675952344723,0.37149881384931205,726.3333333333334
158,1.1514,0.4712041884816754,-67.5,2708.102328314854,1330.4363548726542,575.0366919513484,470.6675952344723,0.16645099481311482,27.833333333333332
158,3.112,0.4712041884816754,-67.5,2708.102328314854,1330.4363548726542,575.0366919513484,470.6675952344723,0.0,1.1666666666666667
159,0.2367,1.4136125654450262,-67.5,3135.4452289770634,1327.1290793846129,535.4455168843317,460.068256912868,0.38621640781443256,585.6666666666666
159,1.1514,1.4136125654450262,-67.5,3135.4452289770634,1327.1290793846129,535.4455168843317,460.068256912868,0.18565760378549898,31.833333333333332
159,3.112,1.4136125654450262,-67.5,3135.4452289770634,1327.1290793846129,535.4455168843317,460.068256912868,0.027777777777777766,2.25
160,0.2367,2.356020942408377,-67.5,3614.6973623417175,1297.9879809841805,448.5993451184146,406.0009123242114,0.40235411786304615,399.5833333333333
160,1.1514,2.356020942408377,-67.5,3614.6973623417175,1297.9879809841805,448.5993451184146,406.0009123242114,0.24502128824239244,22.083333333333332
160,3.112,2.356020942408377,-67.5,3614.6973623417175,1297.9879809841805,448.5993451184146,406.0009123242114,0.0,1.75
161,0.2367,-18.376963350785346,-66.25,968.1454673963922,683.8413088087782,49.91960481049598,403.3794410813095,0.3484287430486461,571.5833333333334
161,1.1514,-18.376963350785346,-66.25,968.1454673963922,683.8413088087782,49.91960481049598,403.3794410813095,0.15912698412698412,8.75
161,3.112,-18.376963350785346,-66.25,968.1454673963922,683.8413088087782,49.91960481049598,403.3794410813095,0.0,1.0833333333333333
162,0.2367,-17.434554973821996,-66.25,1494.9772353153094,882.4770262486163,99.43319804908265,530.855236466936,0.34169991977895137,1113.8333333333333
162,1.1514,-17.434554973821996,-66.25,1494.9772353153094,882.4770262486163,99.43319804908265,530.855236466936,0.135515873015873,10.0
162,3.112,-17.434554973821996,-66.25,1494.9772353153094,882.4770262486163,99.43319804908265,530.855236466936,0.0,1.1666666666666667
163,0.2367,-16.492146596858646,-66.25,1991.2554875226242,939.1990138831898,169.22326171763524,840.4637873583388,0.23049691024546312,2837.75
163,1.1514,-16.492146596858646,-66.25,1991.2554875226242,939.1990138831898,169.22326171763524,840.4637873583388,0.09907546157546156,20.0
163,3.112,-16.492146596858646,-66.25,1991.2554875226242,939.1990138831898,169.22326171763524,840.4637873583388,0.0,0.6666666666666666
164,0.2367,-15.549738219895294,-66.25,1568.0675355233384,1091.2394684163155,231.51871425877493,535.3040074936708,0.32571279455034857,1702.0833333333333
164,1.1514,-15.549738219895294,-66.25,1568.0675355233384,1091.2394684163155,231.51871425877493,535.3040074936708,0.11002331002331,3.9166666666666665
164,3.112,-15.549738219895294,-66.25,1568.0675355233384,1091.2394684163155,231.51871425877493,535.3040074936708,0.0,0.0
165,0.2367,-14.60732984293194,-66.25,1261.5382780939233,1104.891344907519,238.24437987467056,437.12932664590966,0.34253839646325135,1146.0
165,1.1514,-14.60732984293194,-66.25,1261.5382780939233,1104.891344907519,238.24437987467056,437.12932664590966,0.16124338624338622,3.0
165,3.112,-14.60732984293194,-66.25,1261.5382780939233,1104.891344907519,238.24437987467056,437.12932664590966,0.0,0.0
166,0.2367,-13.664921465968591,-66.25,1173.7501997615166,703.7198384660587,175.78863861018098,405.4665596503095,0.27997656780590374,945.6666666666666
166,1.1514,-13.664921465968591,-66.25,1173.7501997615166,703.7198384660587,175.78863861018098,405.4665596503095,0.06805555555555555,2.5833333333333335
166,3.112,-13.664921465968591,-66.25,1173.7501997615166,703.7198384660587,175.78863861018098,405.4665596503095,0.0,0.0
167,0.2367,-12.72251308900524,-66.25,1125.2244077686307,1138.1215336569585,255.02303516178168,414.0321271778929,0.227574977745986,941.3333333333334
167,1.1514,-12.72251308900524,-66.25,1125.2244077686307,1138.1215336569585,255.02303516178168,414.0321271778929,0.052182539682539664,3.8333333333333335
167,3.112,-12.72251308900524,-66.25,1125.2244077686307,1138.1215336569585,255.02303516178168,414.0321271778929,0.0,0.0
168,0.2367,-11.780104712041888,-66.25,1118.8276548340511,1106.5359164406254,280.4158023476865,394.01481898217463,0.22806242421259706,809.0
168,1.1514,-11.780104712041888,-66.25,1118.8276548340511,1106.5359164406254,280.4158023476865,394.01481898217463,0.06706349206349205,4.5
168,3.112,-11.780104712041888,-66.25,1118.8276548340511,1106.5359164406254,280.4158023476865,394.01481898217463,0.0,0.0
169,0.2367,-10.837696335078538,-66.25,1183.816453545222,1160.5829134094529,316.067394380076,381.9969554702874,0.2286928273569192,751.5
169,1.1514,-10.837696335078538,-66.25,1183.816453545222,1160.5829134094529,316.067394380076,381.9969554702874,0.09553571428571428,4.416666666666667
169,3.112,-10.837696335078538,-66.25,1183.816453545222,1160.5829134094529,316.067394380076,381.9969554702874,0.0,0.0
170,0.2367,-9.895287958115183,-66.25,1277.3438535518128,1177.806307481951,353.05610574211954,386.288712516749,0.22176817800822135,887.5
170,1.1514,-9.895287958115183,-66.25,1277.3438535518128,1177.806307481951,353.05610574211954,386.288712516749,0.09421296296296296,5.166666666666667
170,3.112,-9.895287958115183,-66.25,1277.3438535518128,1177.806307481951,353.05610574211954,386.288712516749,0.0,0.16666666666666666
171,0.2367,-8.952879581151834,-66.25,1358.4744249101,1209.9835563346278,395.3718944415496,394.23669166824664,0.2499674816429862,1044.3333333333333
171,1.1514,-8.952879581151834,-66.25,1358.4744249101,1209.9835563346278,395.3718944415496,394.23669166824664,0.09844576719576718,6.333333333333333
171,3.112,-8.952879581151834,-66.25,1358.4744249101,1209.9835563346278,395.3718944415496,394.23669166824664,0.0,0.4166666666666667
172,0.2367,-8.010471204188482,-66.25,1451.1923446597564,1217.2834051316022,430.6651291861174,403.16615067734034,0.2515666387912136,1153.4166666666667
172,1.1514,-8.010471204188482,-66.25,1451.1923446597564,1217.2834051316022,430.6651291861174,403.16615067734034,0.10563973063973063,7.333333333333333
172,3.112,-8.010471204188482,-66.25,1451.1923446597564,1217.2834051316022,430.6651291861174,403.16615067734034,0.0,0.4166666666666667
173,0.2367,-7.0680628272251305,-66.25,1575.2765021343807,1212.304941569455,464.43836192580557,432.80371412571424,0.23851510490611424,1238.3333333333333
173,1.1514,-7.0680628272251305,-66.25,1575.2765021343807,1212.304941569455,464.43836192580557,432.80371412571424,0.10077006327006326,10.083333333333334
173,3.112,-7.0680628272251305,-66.25,1575.2765021343807,1212.304941569455,464.43836192580557,432.80371412571424,0.0,0.5833333333333334
174,0.2367,-6.12565445026178,-66.25,1646.7325034924834,1220.8406484365696,495.8899714377085,433.83796118027453,0.25093153862880474,1146.6666666666667
174,1.1514,-6.12565445026178,-66.25,1646.7325034924834,1220.8406484365696,495.8899714377085,433.83796118027453,0.1282301032301032,10.666666666666666
174,3.112,-6.12565445026178,-66.25,1646.7325034924834,1220.8406484365696,495.8899714377085,433.83796118027453,0.0,0.75
175,0.2367,-5.183246073298429,-66.25,1693.6209010614693,1237.7366003289353,529.918003798419,423.3822971503444,0.2936751647485846,1018.75
175,1.1514,-5.183246073298429,-66.25,1693.6209010614693,1237.7366003289353,529.918003798419,423.3822971503444,0.12334505772005767,10.25
175,3.112,-5.183246073298429,-66.25,1693.6209010614693,1237.7366003289353,529.918003798419,423.3822971503444,0.0,0.5833333333333334
176,0.2367,-4.240837696335079,-66.25,1770.6308827965556,1259.7652423958061,558.1061604239173,410.35571652885477,0.40551874537447535,853.1666666666666
176,1.1514,-4.240837696335079,-66.25,1770.6308827965556,1259.7652423958061,558.1061604239173,410.35571652885477,0.11676003734827262,10.916666666666666
176,3.112,-4.240837696335079,-66.25,1770.6308827965556,1259.7652423958061,558.1061604239173,410.35571652885477,0.0,0.5
177,0.2367,-3.298429319371728,-66.25,1899.3733888512247,1270.4839349564281,576.4415667912598,417.51803510979573,0.34989198145380435,802.0833333333334
177,1.1514,-3.298429319371728,-66.25,1899.3733888512247,1270.4839349564281,576.4415667912598,417.51803510979573,0.12098453017570664,11.833333333333334
177,3.112,-3.298429319371728,-66.25,1899.3733888512247,1270.4839349564281,576.4415667912598,417.51803510979573,0.0,0.75
178,0.2367,-2.356020942408377,-66.25,1975.25637558597,1322.0969913710724,602.1850309438734,409.9244402053814,0.35714269451550634,735.6666666666666
178,1.1514,-2.356020942408377,-66.25,1975.25637558597,1322.0969913710724,602.1850309438734,409.9244402053814,0.14328491497609144,11.666666666666666
178,3.112,-2.356020942408377,-66.25,1975.25637558597,1322.0969913710724,602.1850309438734,409.9244402053814,0.0,0.6666666666666666
179,0.2367,-1.4136125654450262,-66.25,2083.2358506549404,1291.9053318697843,595.7693996424475,405.23581527103624,0.3680800185203396,643.0833333333334
179,1.1514,-1.4136125654450262,-66.25,2083.2358506549404,1291.9053318697843,595.7693996424475,405.23581527103624,0.1505902354296317,12.833333333333334
179,3.112,-1.4136125654450262,-66.25,2083.2358506549404,1291.9053318697843,595.7693996424475,405.23581527103624,0.0,0.75
180,0.2367,-0.4712041884816754,-66.25,2254.036320105177,1299.871745609853,597.2673099978805,408.8586469639462,0.3758835199881279,570.6666666666666
180,1.1514,-0.4712041884816754,-66.25,2254.036320105177,1299.871745609853,597.2673099978805,408.8586469639462,0.1726549327865117,17.0
180,3.112,-0.4712041884816754,-66.25,2254.036320105177,1299.871745609853,597.2673099978805,408.8586469639462,0.0,0.8333333333333334
181,0.2367,0.4712041884816754,-66.25,2531.4887957551596,1283.3872700927895,577.8131486762568,426.19336169150887,0.3788049412979537,549.5
181,1.1514,0.4712041884816754,-66.25,2531.4887957551596,1283.3872700927895,577.8131486762568,426.19336169150887,0.19392211424106062,22.5
181,3.112,0.4712041884816754,-66.25,2531.4887957551596,1283.3872700927895,577.8131486762568,426.19336169150887,0.0,1.25
182,0.2367,1.4136125654450262,-66.25,2826.8353024830485,1293.252124095743,548.6753550073703,409.1263450969451,0.3896681604993089,445.5833333333333
182,1.1514,1.4136125654450262,-66.25,2826.8353024830485,1293.252124095743,548.6753550073703,409.1263450969451,0.21725932545741544,20.666666666666668
182,3.112,1.4136125654450262,-66.25,2826.8353024830485,1293.252124095743,548.6753550073703,409.1263450969451,0.06944444444444443,1.8333333333333333
183,0.2367,2.356020942408377,-66.25,3094.9211811345845,1310.883736948308,473.67059356004404,332.7401610843497,0.41077247707956727,281.9166666666667
183,1.1514,2.356020942408377,-66.25,3094.9211811345845,1310.883736948308,473.67059356004404,332.7401610843497,0.21087055848382708,16.083333333333332
183,3.112,2.356020942408377,-66.25,3094.9211811345845,1310.883736948308,473.67059356004404,332.7401610843497,0.0,0.6666666666666666
184,0.2367,-18.376963350785346,-65.0,1105.4161272190718,789.0313871238225,84.36595493861464,391.4535413180986,0.31280945770027646,541.5
184,1.1514,-18.376963350785346,-65.0,1105.4161272190718,789.0313871238225,84.36595493861464,391.4535413180986,0.08154761904761905,4.833333333333333
184,3.112,-18.376963350785346,-65.0,1105.4161272190718,789.0313871238225,84.36595493861464,391.4535413180986,0.0,0.75
185,0.2367,-17.434554973821996,-65.0,1270.5592854289096,1001.9238394148124,154.05640765467479,553.3123117469321,0.2759660480428398,1159.4166666666667
185,1.1514,-17.434554973821996,-65.0,1270.5592854289096,1001.9238394148124,154.05640765467479,553.3123117469321,0.1018849206349206,4.833333333333333
185,3.112,-17.434554973821996,-65.0,1270.5592854289096,1001.9238394148124,154.05640765467479,553.3123117469321,0.0,0.5
186,0.2367,-16.492146596858646,-65.0,1297.0047697809823,1087.0417236372305,190.3887691180273,471.04834315980804,0.33461875595612806,1133.0
186,1.1514,-16.492146596858646,-65.0,1297.0047697809823,1087.0417236372305,190.3887691180273,471.04834315980804,0.10932539682539681,2.75
186,3.112,-16.492146596858646,-65.0,1297.0047697809823,1087.0417236372305,190.3887691180273,471.04834315980804,0.0,0.0
187,0.2367,-15.549738219895294,-65.0,1186.5502401275412,801.599227351835,159.54059340053266,431.4797437672496,0.2650050052197204,1117.0833333333333
187,1.1514,-15.549738219895294,-65.0,1186.5502401275412,801.599227351835,159.54059340053266,431.4797437672496,0.048611111111111105,1.75
187,3.112,-15.549738219895294,-65.0,1186.5502401275412,801.599227351835,159.54059340053266,431.4797437672496,0.0,0.0
188,0.2367,-14.60732984293194,-65.0,1162.4695173639193,985.3601025350508,185.80063559629482,425.26087567183095,0.23364432211963018,1076.5
188,1.1514,-14.60732984293194,-65.0,1162.4695173639193,985.3601025350508,185.80063559629482,425.26087567183095,0.02361111111111111,2.0
188,3.112,-14.60732984293194,-65.0,1162.4695173639193,985.3601025350508,185.80063559629482,425.26087567183095,0.0,0.0
189,0.2367,-13.664921465968591,-65.0,1128.2692934286,770.3674281689746,171.66300750939743,382.28995468429866,0.2365639997314891,807.75
189,1.1514,-13.664921465968591,-65.0,1128.2692934286,770.3674281689746,171.66300750939743,382.28995468429866,0.048611111111111105,1.8333333333333333
189,3.112,-13.664921465968591,-65.0,1128.2692934286,770.3674281689746,171.66300750939743,382.28995468429866,0.0,0.0
190,0.2367,-12.72251308900524,-65.0,1114.3060239298716,854.0962393090012,197.28921374727224,356.7433899675597,0.23886129138897752,692.8333333333334
190,1.1514,-12.72251308900524,-65.0,1114.3060239298716,854.0962393090012,197.28921374727224,356.7433899675597,0.08333333333333333,2.25
190,3.112,-12.72251308900524,-65.0,1114.3060239298716,854.0962393090012,197.28921374727224,356.7433899675597,0.0,0.0
191,0.2367,-11.780104712041888,-65.0,1092.3725507667332,1083.234682669281,266.2306255858459,340.7477680952759,0.23087764095927577,589.75
191,1.1514,-11.780104712041888,-65.0,1092.3725507667332,1083.234682669281,266.2306255858459,340.7477680952759,0.08888888888888889,2.5833333333333335
191,3.112,-11.780104712041888,-65.0,1092.3725507667332,1083.234682669281,266.2306255858459,340.7477680952759,0.0,0.0
192,0.2367,-10.837696335078538,-65.0,1216.1023932670266,1166.2414568141685,310.59491907888264,351.3062006081401,0.2172234477361181,654.5
192,1.1514,-10.837696335078538,-65.0,1216.1023932670266,1166.2414568141685,310.59491907888264,351.3062006081401,0.06527777777777775,3.8333333333333335
192,3.112,-10.837696335078538,-65.0,1216.1023932670266,1166.2414568141685,310.59491907888264,351.3062006081401,0.0,0.0
193,0.2367,-9.895287958115183,-65.0,1297.492553404604,1184.3037212564377,346.7039303675559,365.7992266166555,0.21489738954995785,801.75
193,1.1514,-9.895287958115183,-65.0,1297.492553404604,1184.3037212564377,346.7039303675559,365.7992266166555,0.1064484126984127,4.583333333333333
193,3.112,-9.895287958115183,-65.0,1297.492553404604,1184.3037212564377,346.7039303675559,365.7992266166555,0.0,0.08333333333333333
194,0.2367,-8.952879581151834,-65.0,1392.6397363909925,1201.9523564577685,386.1072798209885,383.1874335682413,0.21087331019053726,1039.0833333333333
194,1.1514,-8.952879581151834,-65.0,1392.6397363909925,1201.9523564577685,386.1072798209885,383.1874335682413,0.10115740740740738,5.75
194,3.112,-8.952879581151834,-65.0,1392.6397363909925,1201.9523564577685,386.1072798209885,383.1874335682413,0.0,0.16666666666666666
195,0.2367,-8.010471204188482,-65.0,1480.711900751858,1221.8166881724028,429.3120721553133,396.0097300539611,0.20764049087490943,1142.8333333333333
195,1.1514,-8.010471204188482,-65.0,1480.711900751858,1221.8166881724028,429.3120721553133,396.0097300539611,0.10987253487253484,7.666666666666667
195,3.112,-8.010471204188482,-65.0,1480.711900751858,1221.8166881724028,429.3120721553133,396.0097300539611,0.0,0.4166666666666667
196,0.2367,-7.0680628272251305,-65.0,1562.2718005611953,1228.774892052461,462.7285084744171,398.4074566207282,0.24158732433002103,1082.5833333333333
196,1.1514,-7.0680628272251305,-65.0,1562.2718005611953,1228.774892052461,462.7285084744171,398.4074566207282,0.10891608391608389,9.5
196,3.112,-7.0680628272251305,-65.0,1562.2718005611953,1228.774892052461,462.7285084744171,398.4074566207282,0.0,0.4166666666666667
197,0.2367,-6.12565445026178,-65.0,1619.4623783221823,1227.7985735292896,499.403101552151,394.59472205507785,0.252931920100335,983.6666666666666
197,1.1514,-6.12565445026178,-65.0,1619.4623783221823,1227.7985735292896,499.403101552151,394.59472205507785,0.1578976578976579,10.416666666666666
197,3.112,-6.12565445026178,-65.0,1619.4623783221823,1227.7985735292896,499.403101552151,394.59472205507785,0.0,0.5833333333333334
198,0.2367,-5.183246073298429,-65.0,1665.5959100104465,1232.3578648481634,533.0484755919077,385.6046955345217,0.25625614945760794,841.3333333333334
198,1.1514,-5.183246073298429,-65.0,1665.5959100104465,1232.3578648481634,533.0484755919077,385.6046955345217,0.12742153679653678,9.916666666666666
198,3.112,-5.183246073298429,-65.0,1665.5959100104465,1232.3578648481634,533.0484755919077,385.6046955345217,0.0,0.5833333333333334
199,0.2367,-4.240837696335079,-65.0,1795.24558213875,1252.1890760643873,564.9777913381571,387.2272514082555,0.3879744278818211,755.3333333333334
199,1.1514,-4.240837696335079,-65.0,1795.24558213875,1252.1890760643873,564.9777913381571,387.2272514082555,0.10426100995953935,10.583333333333334
199,3.112,-4.240837696335079,-65.0,1795.24558213875,1252.1890760643873,564.9777913381571,387.2272514082555,0.0,0.4166666666666667
200,0.2367,-3.298429319371728,-65.0,1811.9347220428144,1298.2148308691103,593.979844592515,367.8841676341621,0.34812781958698774,653.0833333333334
200,1.1514,-3.298429319371728,-65.0,1811.9347220428144,1298.2148308691103,593.979844592515,367.8841676341621,0.09808917253770194,10.416666666666666
200,3.112,-3.298429319371728,-65.0,1811.9347220428144,1298.2148308691103,593.979844592515,367.8841676341621,0.0,0.5833333333333334
201,0.2367,-2.356020942408377,-65.0,1890.1424296333596,1314.881355688849,609.350738166437,356.4980885492982,0.3650020395686769,582.5
201,1.1514,-2.356020942408377,-65.0,1890.1424296333596,1314.881355688849,609.350738166437,356.4980885492982,0.11145071567865683,9.666666666666666
201,3.112,-2.356020942408377,-65.0,1890.1424296333596,1314.881355688849,609.350738166437,356.4980885492982,0.0,0.5833333333333334
202,0.2367,-1.4136125654450262,-65.0,1973.3496383624795,1263.1664595671464,597.9291987281377,346.02081576471153,0.37972186375182376,495.25
202,1.1514,-1.4136125654450262,-65.0,1973.3496383624795,1263.1664595671464,597.9291987281377,346.02081576471153,0.1252113870534923,10.916666666666666
202,3.112,-1.4136125654450262,-65.0,1973.3496383624795,1263.1664595671464,597.9291987281377,346.02081576471153,0.0,0.5833333333333334
203,0.2367,-0.4712041884816754,-65.0,2007.7245748445405,1285.7519208703889,604.4059466817711,321.40690336528706,0.39317280065749144,390.3333333333333
203,1.1514,-0.4712041884816754,-65.0,2007.7245748445405,1285.7519208703889,604.4059466817711,321.40690336528706,0.15481831621537503,9.75
203,3.112,-0.4712041884816754,-65.0,2007.7245748445405,1285.7519208703889,604.4059466817711,321.40690336528706,0.0,0.5833333333333334
204,0.2367,0.4712041884816754,-65.0,2263.230364071538,1257.3242828450748,582.0865015989643,324.4078771837666,0.3983774576906772,337.3333333333333
204,1.1514,0.4712041884816754,-65.0,2263.230364071538,1257.3242828450748,582.0865015989643,324.4078771837666,0.25221295588942644,13.583333333333334
204,3.112,0.4712041884816754,-65.0,2263.230364071538,1257.3242828450748,582.0865015989643,324.4078771837666,0.0,0.8333333333333334
205,0.2367,1.4136125654450262,-65.0,2394.978237103284,1248.5472000118898,547.5908333030886,289.66396362659026,0.413963053535406,245.83333333333334
205,1.1514,1.4136125654450262,-65.0,2394.978237103284,1248.5472000118898,547.5908333030886,289.66396362659026,0.26679607515520826,11.0
205,3.112,1.4136125654450262,-65.0,2394.978237103284,1248.5472000118898,547.5908333030886,289.66396362659026,0.04166666666666666,0.9166666666666666
206,0.2367,-20.261780104712045,-63.75,1155.6243434753646,919.2587006236135,68.22852172240519,428.44199145478945,0.29223254552358485,825.6666666666666
206,1.1514,-20.261780104712045,-63.75,1155.6243434753646,919.2587006236135,68.22852172240519,428.44199145478945,0.30952380952380953,4.083333333333333
206,3.112,-20.261780104712045,-63.75,1155.6243434753646,919.2587006236135,68.22852172240519,428.44199145478945,0.0,0.16666666666666666
207,0.2367,-19.319371727748692,-63.75,969.3086656009737,861.2729188219237,126.21929958994991,379.47321198135563,0.3071067176405827,610.4166666666666
207,1.1514,-19.319371727748692,-63.75,969.3086656009737,861.2729188219237,126.21929958994991,379.47321198135563,0.13222465886939572,3.0833333333333335
207,3.112,-19.319371727748692,-63.75,969.3086656009737,861.2729188219237,126.21929958994991,379.47321198135563,0.0,0.25
208,0.2367,-18.376963350785346,-63.75,848.5923193908667,793.0435521392792,131.06124143778993,309.56553178529526,0.3241526710501541,294.75
208,1.1514,-18.376963350785346,-63.75,848.5923193908667,793.0435521392792,131.06124143778993,309.56553178529526,0.19345238095238093,1.6666666666666667
208,3.112,-18.376963350785346,-63.75,848.5923193908667,793.0435521392792,131.06124143778993,309.56553178529526,0.0,0.0
209,0.2367,-17.434554973821996,-63.75,984.9156615187325,898.0550404600217,144.35899895642666,371.0318699469342,0.2726275495171538,606.8333333333334
209,1.1514,-17.434554973821996,-63.75,984.9156615187325,898.0550404600217,144.35899895642666,371.0318699469342,0.03888888888888888,1.0833333333333333
209,3.112,-17.434554973821996,-63.75,984.9156615187325,898.0550404600217,144.35899895642666,371.0318699469342,0.0,0.0
210,0.2367,-16.492146596858646,-63.75,993.3494309276894,898.9400998756173,147.22646704871295,367.4445176991526,0.2526649184881338,687.25
210,1.1514,-16.492146596858646,-63.75,993.3494309276894,898.9400998756173,147.22646704871295,367.4445176991526,0.0,0.8333333333333334
210,3.112,-16.492146596858646,-63.75,993.3494309276894,898.9400998756173,147.22646704871295,367.4445176991526,0.0,0.0
211,0.2367,-15.549738219895294,-63.75,1037.9437523985464,979.9561470077606,161.6064360902474,391.87945182057626,0.22165122545478166,813.4166666666666
211,1.1514,-15.549738219895294,-63.75,1037.9437523985464,979.9561470077606,161.6064360902474,391.87945182057626,0.013888888888888883,1.5833333333333333
211,3.112,-15.549738219895294,-63.75,1037.9437523985464,979.9561470077606,161.6064360902474,391.87945182057626,0.0,0.0
212,0.2367,-14.60732984293194,-63.75,1056.8983191050988,1026.97694530827,180.53447900651025,375.6061764202023,0.21756895644539276,768.8333333333334
212,1.1514,-14.60732984293194,-63.75,1056.8983191050988,1026.97694530827,180.53447900651025,375.6061764202023,0.011111111111111108,1.6666666666666667
212,3.112,-14.60732984293194,-63.75,1056.8983191050988,1026.97694530827,180.53447900651025,375.6061764202023,0.0,0.0
213,0.2367,-13.664921465968591,-63.75,1083.499227764606,1028.185525839217,192.45045794101668,353.5861067054933,0.2219269413969376,676.1666666666666
213,1.1514,-13.664921465968591,-63.75,1083.499227764606,1028.185525839217,192.45045794101668,353.5861067054933,0.030555555555555548,2.5
213,3.112,-13.664921465968591,-63.75,1083.499227764606,1028.185525839217,192.45045794101668,353.5861067054933,0.0,0.0
214,0.2367,-12.72251308900524,-63.75,1081.792547389134,1064.3445717755822,230.0686127533232,330.08960921741703,0.2294764997234158,573.5
214,1.1514,-12.72251308900524,-63.75,1081.792547389134,1064.3445717755822,230.0686127533232,330.08960921741703,0.055555555555555546,2.3333333333333335
214,3.112,-12.72251308900524,-63.75,1081.792547389134,1064.3445717755822,230.0686127533232,330.08960921741703,0.0,0.0
215,0.2367,-11.780104712041888,-63.75,1143.6119405205282,1024.157131001557,256.1207915319592,334.6662998826281,0.2209547546167988,626.5833333333334
215,1.1514,-11.780104712041888,-63.75,1143.6119405205282,1024.157131001557,256.1207915319592,334.6662998826281,0.05138888888888888,2.6666666666666665
215,3.112,-11.780104712041888,-63.75,1143.6119405205282,1024.157131001557,256.1207915319592,334.6662998826281,0.0,0.0
216,0.2367,-10.837696335078538,-63.75,1248.1538722782175,939.3735024257421,282.8686876657519,348.1164836769489,0.22605331492507386,722.75
216,1.1514,-10.837696335078538,-63.75,1248.1538722782175,939.3735024257421,282.8686876657519,348.1164836769489,0.06924603174603172,4.25
216,3.112,-10.837696335078538,-63.75,1248.1538722782175,939.3735024257421,282.8686876657519,348.1164836769489,0.0,0.0
217,0.2367,-9.895287958115183,-63.75,1348.4335249053895,990.0959948632226,314.0798471373095,357.21195476423577,0.22246421446411954,893.25
217,1.1514,-9.895287958115183,-63.75,1348.4335249053895,990.0959948632226,314.0798471373095,357.21195476423577,0.07820767195767196,5.666666666666667
217,3.112,-9.895287958115183,-63.75,1348.4335249053895,990.0959948632226,314.0798471373095,357.21195476423577,0.0,0.08333333333333333
218,0.2367,-8.952879581151834,-63.75,1405.6914252602055,1186.8484556730255,378.60286466670993,362.6063845185869,0.2113238152911788,1004.5833333333334
218,1.1514,-8.952879581151834,-63.75,1405.6914252602055,1186.8484556730255,378.60286466670993,362.6063845185869,0.10519179894179892,6.416666666666667
218,3.112,-8.952879581151834,-63.75,1405.6914252602055,1186.8484556730255,378.60286466670993,362.6063845185869,0.0,0.16666666666666666
219,0.2367,-8.010471204188482,-63.75,1492.119035673638,1208.1049883252126,424.1550396969112,373.9551600813494,0.21123024929737336,1021.75
219,1.1514,-8.010471204188482,-63.75,1492.119035673638,1208.1049883252126,424.1550396969112,373.9551600813494,0.10099206349206347,7.833333333333333
219,3.112,-8.010471204188482,-63.75,1492.119035673638,1208.1049883252126,424.1550396969112,373.9551600813494,0.0,0.25
220,0.2367,-7.0680628272251305,-63.75,1593.6089102281953,1215.720290315221,463.1691784545808,383.7154997707207,0.22815640181785732,965.6666666666666
220,1.1514,-7.0680628272251305,-63.75,1593.6089102281953,1215.720290315221,463.1691784545808,383.7154997707207,0.11142977392977389,10.416666666666666
220,3.112,-7.0680628272251305,-63.75,1593.6089102281953,1215.720290315221,463.1691784545808,383.7154997707207,0.0,0.5833333333333334
221,0.2367,-6.12565445026178,-63.75,1605.172144583076,1232.1679000533186,503.2878189581387,368.03951798172096,0.25881162720329537,830.9166666666666
221,1.1514,-6.12565445026178,-63.75,1605.172144583076,1232.1679000533186,503.2878189581387,368.03951798172096,0.1302308802308802,11.0
221,3.112,-6.12565445026178,-63.75,1605.172144583076,1232.1679000533186,503.2878189581387,368.03951798172096,0.0,0.4166666666666667
222,0.2367,-5.183246073298429,-63.75,1699.0033349498185,1236.1752043789602,538.3133452917735,366.4836707896004,0.25444475842902037,720.4166666666666
222,1.1514,-5.183246073298429,-63.75,1699.0033349498185,1236.1752043789602,538.3133452917735,366.4836707896004,0.12519894321364908,9.916666666666666
222,3.112,-5.183246073298429,-63.75,1699.0033349498185,1236.1752043789602,538.3133452917735,366.4836707896004,0.0,0.4166666666666667
223,0.2367,-4.240837696335079,-63.75,1724.6475736124416,1293.2224961792235,582.9628841105632,346.3936635218115,0.4064184018757191,620.1666666666666
223,1.1514,-4.240837696335079,-63.75,1724.6475736124416,1293.2224961792235,582.9628841105632,346.3936635218115,0.10287892934951755,9.333333333333334
223,3.112,-4.240837696335079,-63.75,1724.6475736124416,1293.2224961792235,582.9628841105632,346.3936635218115,0.0,0.4166666666666667
224,0.2367,-3.298429319371728,-63.75,1767.301094964648,1289.1042106124223,599.9141795229539,325.807207435789,0.3706467066936416,531.4166666666666
224,1.1514,-3.298429319371728,-63.75,1767.301094964648,1289.1042106124223,599.9141795229539,325.807207435789,0.10176962199021021,9.166666666666666
224,3.112,-3.298429319371728,-63.75,1767.301094964648,1289.1042106124223,599.9141795229539,325.807207435789,0.0,0.5
225,0.2367,-2.356020942408377,-63.75,1910.727343981238,1262.816310080525,603.7901265664618,323.50006704107943,0.3852624517635186,456.6666666666667
225,1.1514,-2.356020942408377,-63.75,1910.727343981238,1262.816310080525,603.7901265664618,323.50006704107943,0.09379863056333644,11.916666666666666
225,3.112,-2.356020942408377,-63.75,1910.727343981238,1262.816310080525,603.7901265664618,323.50006704107943,0.0,0.5
226,0.2367,-1.4136125654450262,-63.75,2014.2273971875004,1265.2462607296184,607.854915360762,305.65740392860425,0.3855921318761366,374.8333333333333
226,1.1514,-1.4136125654450262,-63.75,2014.2273971875004,1265.2462607296184,607.854915360762,305.65740392860425,0.12395659287106653,12.25
226,3.112,-1.4136125654450262,-63.75,2014.2273971875004,1265.2462607296184,607.854915360762,305.65740392860425,0.0,0.5
227,0.2367,-0.4712041884816754,-63.75,1977.0995969510418,1312.8002054512035,633.0103099508492,276.53079699491883,0.3880156119912326,301.0
227,1.1514,-0.4712041884816754,-63.75,1977.0995969510418,1312.8002054512035,633.0103099508492,276.53079699491883,0.12243867243867242,10.25
227,3.112,-0.4712041884816754,-63.75,1977.0995969510418,1312.8002054512035,633.0103099508492,276.53079699491883,0.0,0.5
228,0.2367,0.4712041884816754,-63.75,2030.343800662743,1259.3693916036864,593.3368010011877,253.8930528988095,0.40564978647118416,233.08333333333334
228,1.1514,0.4712041884816754,-63.75,2030.343800662743,1259.3693916036864,593.3368010011877,253.8930528988095,0.17022156084656084,12.416666666666666
228,3.112,0.4712041884816754,-63.75,2030.343800662743,1259.3693916036864,593.3368010011877,253.8930528988095,0.0,0.5833333333333334
229,0.2367,1.4136125654450262,-63.75,2109.6462963412914,1241.9942069880199,552.8843668636177,223.86006131878273,0.42250670409490415,155.25
229,1.1514,1.4136125654450262,-63.75,2109.6462963412914,1241.9942069880199,552.8843668636177,223.86006131878273,0.23811235419207555,9.333333333333334
229,3.112,1.4136125654450262,-63.75,2109.6462963412914,1241.9942069880199,552.8843668636177,223.86006131878273,0.013888888888888883,0.5833333333333334
230,0.2367,3.298429319371728,-63.75,2113.4356937405246,1194.4093105108186,323.8184184950229,178.16472603223377,0.4581868956543634,65.33333333333333
230,1.1514,3.298429319371728,-63.75,2113.4356937405246,1194.4093105108186,323.8184184950229,178.16472603223377,0.2548280423280423,8.0
230,3.112,3.298429319371728,-63.75,2113.4356937405246,1194.4093105108186,323.8184184950229,178.16472603223377,0.0,1.0833333333333333
231,0.2367,-19.319371727748692,-62.5,763.3752005741215,723.3418652397813,91.58032326862427,269.2311281811899,0.29706887048934655,267.0
231,1.1514,-19.319371727748692,-62.5,763.3752005741215,723.3418652397813,91.58032326862427,269.2311281811899,0.0,0.08333333333333333
231,3.112,-19.319371727748692,-62.5,763.3752005741215,723.3418652397813,91.58032326862427,269.2311281811899,0.0,0.0
232,0.2367,-18.376963350785346,-62.5,734.2988524487081,670.8429951188009,90.88709662338883,253.01665520203068,0.288541585399035,199.08333333333334
232,1.1514,-18.376963350785346,-62.5,734.2988524487081,670.8429951188009,90.88709662338883,253.01665520203068,0.0,0.0
232,3.112,-18.376963350785346,-62.5,734.2988524487081,670.8429951188009,90.88709662338883,253.01665520203068,0.0,0.0
233,0.2367,-17.434554973821996,-62.5,836.1886752720814,687.3183331152541,95.65881062211342,286.3387648272741,0.2905065590832709,399.0833333333333
233,1.1514,-17.434554973821996,-62.5,836.1886752720814,687.3183331152541,95.65881062211342,286.3387648272741,0.0,0.0
233,3.112,-17.434554973821996,-62.5,836.1886752720814,687.3183331152541,95.65881062211342,286.3387648272741,0.0,0.0
234,0.2367,-16.492146596858646,-62.5,942.142591236989,837.6468928235408,119.50755324089216,324.049261439362,0.22632659307208505,491.1666666666667
234,1.1514,-16.492146596858646,-62.5,942.142591236989,837.6468928235408,119.50755324089216,324.049261439362,0.0,0.08333333333333333
234,3.112,-16.492146596858646,-62.5,942.142591236989,837.6468928235408,119.50755324089216,324.049261439362,0.0,0.0
235,0.2367,-15.549738219895294,-62.5,973.8700518035969,795.1305809438418,133.34327370588392,323.2299687022854,0.23935625487364,485.5
235,1.1514,-15.549738219895294,-62.5,973.8700518035969,795.1305809438418,133.34327370588392,323.2299687022854,0.0,1.0
235,3.112,-15.549738219895294,-62.5,973.8700518035969,795.1305809438418,133.34327370588392,323.2299687022854,0.0,0.0
236,0.2367,-14.60732984293194,-62.5,975.9768505036409,833.2560060577816,152.1865343874581,320.2547226057026,0.239119275882803,534.0833333333334
236,1.1514,-14.60732984293194,-62.5,975.9768505036409,833.2560060577816,152.1865343874581,320.2547226057026,0.0,1.25
236,3.112,-14.60732984293194,-62.5,975.9768505036409,833.2560060577816,152.1865343874581,320.2547226057026,0.0,0.0
237,0.2367,-13.664921465968591,-62.5,1039.991531945535,1020.1794228891958,192.09173869008634,330.92108544809327,0.23928141330726874,611.5833333333334
237,1.1514,-13.664921465968591,-62.5,1039.991531945535,1020.1794228891958,192.09173869008634,330.92108544809327,0.0069444444444444415,1.8333333333333333
237,3.112,-13.664921465968591,-62.5,1039.991531945535,1020.1794228891958,192.09173869008634,330.92108544809327,0.0,0.0
238,0.2367,-12.72251308900524,-62.5,1155.3238425989225,1111.127529296209,234.11014460556402,346.20775475250474,0.21919157882190168,753.8333333333334
238,1.1514,-12.72251308900524,-62.5,1155.3238425989225,1111.127529296209,234.11014460556402,346.20775475250474,0.04523809523809522,3.5833333333333335
238,3.112,-12.72251308900524,-62.5,1155.3238425989225,1111.127529296209,234.11014460556402,346.20775475250474,0.0,0.0
239,0.2367,-11.780104712041888,-62.5,1279.5733715120684,931.5063423679385,219.9052649263332,347.2659614939002,0.2367438307688199,830.75
239,1.1514,-11.780104712041888,-62.5,1279.5733715120684,931.5063423679385,219.9052649263332,347.2659614939002,0.08194444444444444,4.0
239,3.112,-11.780104712041888,-62.5,1279.5733715120684,931.5063423679385,219.9052649263332,347.2659614939002,0.0,0.0
240,0.2367,-10.837696335078538,-62.5,1426.0452311964361,976.7530590030947,264.89368663391235,367.0484331052477,0.22797505233546647,980.9166666666666
240,1.1514,-10.837696335078538,-62.5,1426.0452311964361,976.7530590030947,264.89368663391235,367.0484331052477,0.08313492063492063,5.833333333333333
240,3.112,-10.837696335078538,-62.5,1426.0452311964361,976.7530590030947,264.89368663391235,367.0484331052477,0.0,0.0
241,0.2367,-9.895287958115183,-62.5,1496.5786968732154,962.7982743247412,299.071277040622,365.0606132108087,0.22594526259268535,1018.6666666666666
241,1.1514,-9.895287958115183,-62.5,1496.5786968732154,962.7982743247412,299.071277040622,365.0606132108087,0.12784391534391534,6.083333333333333
241,3.112,-9.895287958115183,-62.5,1496.5786968732154,962.7982743247412,299.071277040622,365.0606132108087,0.0,0.08333333333333333
242,0.2367,-8.952879581151834,-62.5,1438.9009581734165,1196.4252360822866,381.7609974446403,353.25764482735394,0.21430079576251126,995.4166666666666
242,1.1514,-8.952879581151834,-62.5,1438.9009581734165,1196.4252360822866,381.7609974446403,353.25764482735394,0.10760582010582008,7.25
242,3.112,-8.952879581151834,-62.5,1438.9009581734165,1196.4252360822866,381.7609974446403,353.25764482735394,0.0,0.4166666666666667
243,0.2367,-8.010471204188482,-62.5,1543.276395076493,1216.927776732773,428.4381043810762,361.85302459506835,0.21645193309134622,943.1666666666666
243,1.1514,-8.010471204188482,-62.5,1543.276395076493,1216.927776732773,428.4381043810762,361.85302459506835,0.10814694564694562,9.166666666666666
243,3.112,-8.010471204188482,-62.5,1543.276395076493,1216.927776732773,428.4381043810762,361.85302459506835,0.0,0.4166666666666667
244,0.2367,-7.0680628272251305,-62.5,1636.1002536481678,1234.7475784880226,471.0909571514449,364.3614871697818,0.2174321413114555,842.0833333333334
244,1.1514,-7.0680628272251305,-62.5,1636.1002536481678,1234.7475784880226,471.0909571514449,364.3614871697818,0.11537420912420909,11.083333333333334
244,3.112,-7.0680628272251305,-62.5,1636.1002536481678,1234.7475784880226,471.0909571514449,364.3614871697818,0.0,0.6666666666666666
245,0.2367,-6.12565445026178,-62.5,1670.4511952051444,1239.4304953480605,513.0027622162637,353.48182532607456,0.2574116689360953,722.4166666666666
245,1.1514,-6.12565445026178,-62.5,1670.4511952051444,1239.4304953480605,513.0027622162637,353.48182532607456,0.1272803585303585,10.916666666666666
245,3.112,-6.12565445026178,-62.5,1670.4511952051444,1239.4304953480605,513.0027622162637,353.48182532607456,0.0,0.5833333333333334
246,0.2367,-5.183246073298429,-62.5,1746.444730168189,1255.97230874846,548.6492788540704,349.2486120417707,0.2513550104068865,630.3333333333334
246,1.1514,-5.183246073298429,-62.5,1746.444730168189,1255.97230874846,548.6492788540704,349.2486120417707,0.1330943362193362,10.25
246,3.112,-5.183246073298429,-62.5,1746.444730168189,1255.97230874846,548.6492788540704,349.2486120417707,0.0,0.5833333333333334
247,0.2367,-4.240837696335079,-62.5,1805.747408406155,1323.287053006352,598.5063928989111,333.126990920607,0.39008878427457927,539.1666666666666
247,1.1514,-4.240837696335079,-62.5,1805.747408406155,1323.287053006352,598.5063928989111,333.126990920607,0.10577288996406642,9.75
247,3.112,-4.240837696335079,-62.5,1805.747408406155,1323.287053006352,598.5063928989111,333.126990920607,0.0,0.4166666666666667
248,0.2367,-3.298429319371728,-62.5,1836.8335759938504,1292.7516791748349,611.0000982154279,311.7926829444362,0.3560434983081546,456.8333333333333
248,1.1514,-3.298429319371728,-62.5,1836.8335759938504,1292.7516791748349,611.0000982154279,311.7926829444362,0.0985343496372908,10.75
248,3.112,-3.298429319371728,-62.5,1836.8335759938504,1292.7516791748349,611.0000982154279,311.7926829444362,0.0,0.5833333333333334
249,0.2367,-2.356020942408377,-62.5,2046.6986516334914,1271.2471248971997,620.0121149631015,320.55992690208427,0.36661398298187026,401.5833333333333
249,1.1514,-2.356020942408377,-62.5,2046.6986516334914,1271.2471248971997,620.0121149631015,320.55992690208427,0.09263990152148045,16.166666666666668
249,3.112,-2.356020942408377,-62.5,2046.6986516334914,1271.2471248971997,620.0121149631015,320.55992690208427,0.0,0.5
250,0.2367,-1.4136125654450262,-62.5,2096.2898896999063,1339.4427942231414,648.8133310243696,292.83504364587094,0.36901530572298663,318.3333333333333
250,1.1514,-1.4136125654450262,-62.5,2096.2898896999063,1339.4427942231414,648.8133310243696,292.83504364587094,0.10166787475224005,13.25
250,3.112,-1.4136125654450262,-62.5,2096.2898896999063,1339.4427942231414,648.8133310243696,292.83504364587094,0.0,0.5
251,0.2367,-0.4712041884816754,-62.5,2041.6648341241246,1285.3989667413407,629.1059847637573,261.1512451890895,0.3865519197268643,248.0
251,1.1514,-0.4712041884816754,-62.5,2041.6648341241246,1285.3989667413407,629.1059847637573,261.1512451890895,0.09457440707440706,11.75
251,3.112,-0.4712041884816754,-62.5,2041.6648341241246,1285.3989667413407,629.1059847637573,261.1512451890895,0.0,0.6666666666666666
252,0.2367,0.4712041884816754,-62.5,2099.595062079201,1246.6379881108878,600.3851956022585,237.57872722344857,0.4078132655093893,183.83333333333334
252,1.1514,0.4712041884816754,-62.5,2099.595062079201,1246.6379881108878,600.3851956022585,237.57872722344857,0.12217992353861917,12.5
252,3.112,0.4712041884816754,-62.5,2099.595062079201,1246.6379881108878,600.3851956022585,237.57872722344857,0.0,0.8333333333333334
253,0.2367,1.4136125654450262,-62.5,2147.1301925820803,1253.7039240213926,581.7558879830326,206.48744008975154,0.41636226352132716,130.91666666666666
253,1.1514,1.4136125654450262,-62.5,2147.1301925820803,1253.7039240213926,581.7558879830326,206.48744008975154,0.12945075757575758,9.083333333333334
253,3.112,1.4136125654450262,-62.5,2147.1301925820803,1253.7039240213926,581.7558879830326,206.48744008975154,0.0,0.75
254,0.2367,2.356020942408377,-62.5,2140.784228982881,1180.0908075039115,464.15975103887604,176.284723602182,0.4409888053022502,80.08333333333333
254,1.1514,2.356020942408377,-62.5,2140.784228982881,1180.0908075039115,464.15975103887604,176.284723602182,0.1814576627076627,6.166666666666667
254,3.112,2.356020942408377,-62.5,2140.784228982881,1180.0908075039115,464.15975103887604,176.284723602182,0.0,0.5833333333333334
255,0.2367,3.298429319371728,-62.5,1846.5081500305928,1118.8900453799943,344.6193532610682,139.22950837894547,0.49231369974493994,44.416666666666664
255,1.1514,3.298429319371728,-62.5,1846.5081500305928,1118.8900453799943,344.6193532610682,139.22950837894547,0.2576058201058201,5.0
255,3.112,3.298429319371728,-62.5,1846.5081500305928,1118.8900453799943,344.6193532610682,139.22950837894547,0.0,0.75
256,0.2367,-18.376963350785346,-61.25,785.5514486737117,727.4062629460241,78.2969267607,259.6777498238124,0.254438396569493,238.33333333333334
256,1.1514,-18.376963350785346,-61.25,785.5514486737117,727.4062629460241,78.2969267607,259.6777498238124,0.0,0.0
256,3.112,-18.376963350785346,-61.25,785.5514486737117,727.4062629460241,78.2969267607,259.6777498238124,0.0,0.0
257,0.2367,-17.434554973821996,-61.25,878.6517557830209,782.8167768704589,89.82045994944318,279.16680582456263,0.23537148658693888,359.8333333333333
257,1.1514,-17.434554973821996,-61.25,878.6517557830209,782.8167768704589,89.82045994944318,279.16680582456263,0.0,0.0
257,3.112,-17.434554973821996,-61.25,878.6517557830209,782.8167768704589,89.82045994944318,279.16680582456263,0.0,0.0
258,0.2367,-16.492146596858646,-61.25,954.7869129651012,763.4906365527422,93.73777125335076,299.29072428369,0.24226151262023632,448.6666666666667
258,1.1514,-16.492146596858646,-61.25,954.7869129651012,763.4906365527422,93.73777125335076,299.29072428369,0.0,0.08333333333333333
258,3.112,-16.492146596858646,-61.25,954.7869129651012,763.4906365527422,93.73777125335076,299.29072428369,0.0,0.0
259,0.2367,-15.549738219895294,-61.25,966.5615702439871,817.1804489706847,117.932781888624,305.7070390960092,0.24518662373535605,467.75
259,1.1514,-15.549738219895294,-61.25,966.5615702439871,817.1804489706847,117.932781888624,305.7070390960092,0.0,0.5833333333333334
259,3.112,-15.549738219895294,-61.25,966.5615702439871,817.1804489706847,117.932781888624,305.7070390960092,0.0,0.0
260,0.2367,-14.60732984293194,-61.25,1009.6000271174694,993.5804525839922,154.48600265361836,314.14296217549736,0.24570324467987015,526.75
260,1.1514,-14.60732984293194,-61.25,1009.6000271174694,993.5804525839922,154.48600265361836,314.14296217549736,0.0,1.6666666666666667
260,3.112,-14.60732984293194,-61.25,1009.6000271174694,993.5804525839922,154.48600265361836,314.14296217549736,0.0,0.0
261,0.2367,-13.664921465968591,-61.25,1094.810521946043,1074.9435941601405,188.07702707128377,324.518738751898,0.25219204678704954,640.5833333333334
261,1.1514,-13.664921465968591,-61.25,1094.810521946043,1074.9435941601405,188.07702707128377,324.518738751898,0.025000000000000005,2.4166666666666665
261,3.112,-13.664921465968591,-61.25,1094.810521946043,1074.9435941601405,188.07702707128377,324.518738751898,0.0,0.0
262,0.2367,-12.72251308900524,-61.25,1257.0510379704924,1100.1140408136416,222.89916281937,351.1084802435985,0.23408991463546158,867.8333333333334
262,1.1514,-12.72251308900524,-61.25,1257.0510379704924,1100.1140408136416,222.89916281937,351.1084802435985,0.05162037037037037,3.8333333333333335
262,3.112,-12.72251308900524,-61.25,1257.0510379704924,1100.1140408136416,222.89916281937,351.1084802435985,0.0,0.0
263,0.2367,-11.780104712041888,-61.25,1428.2146745656387,967.8081452513288,230.39262958202642,376.0827470756062,0.23011940441881285,1090.75
263,1.1514,-11.780104712041888,-61.25,1428.2146745656387,967.8081452513288,230.39262958202642,376.0827470756062,0.09004629629629629,5.833333333333333
263,3.112,-11.780104712041888,-61.25,1428.2146745656387,967.8081452513288,230.39262958202642,376.0827470756062,0.0,0.08333333333333333
264,0.2367,-10.837696335078538,-61.25,1435.3095833251507,994.3862213716056,289.60838549551556,362.3639286508747,0.23875542601248922,1007.3333333333334
264,1.1514,-10.837696335078538,-61.25,1435.3095833251507,994.3862213716056,289.60838549551556,362.3639286508747,0.12169312169312167,6.0
264,3.112,-10.837696335078538,-61.25,1435.3095833251507,994.3862213716056,289.60838549551556,362.3639286508747,0.0,0.16666666666666666
265,0.2367,-9.895287958115183,-61.25,1494.0540098426122,1090.5867861974548,338.92705537698805,368.1597423754465,0.23117227375772223,981.0833333333334
265,1.1514,-9.895287958115183,-61.25,1494.0540098426122,1090.5867861974548,338.92705537698805,368.1597423754465,0.10065536315536312,8.25
265,3.112,-9.895287958115183,-61.25,1494.0540098426122,1090.5867861974548,338.92705537698805,368.1597423754465,0.0,0.75
266,0.2367,-8.952879581151834,-61.25,1569.9992523491942,1197.0805172654218,391.5114506706469,367.6766773195857,0.2249630807402587,967.75
266,1.1514,-8.952879581151834,-61.25,1569.9992523491942,1197.0805172654218,391.5114506706469,367.6766773195857,0.10749458874458873,8.75
266,3.112,-8.952879581151834,-61.25,1569.9992523491942,1197.0805172654218,391.5114506706469,367.6766773195857,0.0,0.5833333333333334
267,0.2367,-8.010471204188482,-61.25,1627.760819953667,1207.080232006847,433.5000638009273,354.829542745243,0.2267350742714327,823.0833333333334
267,1.1514,-8.010471204188482,-61.25,1627.760819953667,1207.080232006847,433.5000638009273,354.829542745243,0.12112794612794613,10.666666666666666
267,3.112,-8.010471204188482,-61.25,1627.760819953667,1207.080232006847,433.5000638009273,354.829542745243,0.0,0.75
268,0.2367,-7.0680628272251305,-61.25,1766.4778473406232,1228.1701526138932,482.44321903419143,367.20804198581567,0.2294062575575239,755.0833333333334
268,1.1514,-7.0680628272251305,-61.25,1766.4778473406232,1228.1701526138932,482.44321903419143,367.20804198581567,0.12487373737373735,14.416666666666666
268,3.112,-7.0680628272251305,-61.25,1766.4778473406232,1228.1701526138932,482.44321903419143,367.20804198581567,0.0,1.1666666666666667
269,0.2367,-6.12565445026178,-61.25,1826.7232013526047,1246.78149198764,522.9355340951979,363.0808728910138,0.2607935898236267,687.1666666666666
269,1.1514,-6.12565445026178,-61.25,1826.7232013526047,1246.78149198764,522.9355340951979,363.0808728910138,0.14842092139886257,13.583333333333334
269,3.112,-6.12565445026178,-61.25,1826.7232013526047,1246.78149198764,522.9355340951979,363.0808728910138,0.0,1.0
270,0.2367,-5.183246073298429,-61.25,1861.5616321764596,1262.143379933259,560.32418928839,343.99680764152635,0.2568191420307261,557.3333333333334
270,1.1514,-5.183246073298429,-61.25,1861.5616321764596,1262.143379933259,560.32418928839,343.99680764152635,0.13806464504993912,14.25
270,3.112,-5.183246073298429,-61.25,1861.5616321764596,1262.143379933259,560.32418928839,343.99680764152635,0.0,0.75
271,0.2367,-4.240837696335079,-61.25,1883.1103852952886,1283.2610593369463,592.3940582281125,322.186785877662,0.33936605455897245,466.5
271,1.1514,-4.240837696335079,-61.25,1883.1103852952886,1283.2610593369463,592.3940582281125,322.186785877662,0.11501623376623375,11.083333333333334
271,3.112,-4.240837696335079,-61.25,1883.1103852952886,1283.2610593369463,592.3940582281125,322.186785877662,0.0,0.8333333333333334
272,0.2367,-3.298429319371728,-61.25,2003.2459146550068,1329.4420982018346,629.6183740243164,313.59910105021424,0.3395325989785894,399.6666666666667
272,1.1514,-3.298429319371728,-61.25,2003.2459146550068,1329.4420982018346,629.6183740243164,313.59910105021424,0.1035923141186299,14.0
272,3.112,-3.298429319371728,-61.25,2003.2459146550068,1329.4420982018346,629.6183740243164,313.59910105021424,0.0,0.8333333333333334
273,0.2367,-2.356020942408377,-61.25,2016.9535420792447,1303.342593977577,640.2809023724905,290.5190676657237,0.36035078269961024,326.0
273,1.1514,-2.356020942408377,-61.25,2016.9535420792447,1303.342593977577,640.2809023724905,290.5190676657237,0.12977930938457252,13.083333333333334
273,3.112,-2.356020942408377,-61.25,2016.9535420792447,1303.342593977577,640.2809023724905,290.5190676657237,0.0,0.5833333333333334
274,0.2367,-1.4136125654450262,-61.25,2071.6119587148423,1289.3324440103606,637.4746759402792,273.02490820186324,0.3819329950849424,253.75
274,1.1514,-1.4136125654450262,-61.25,2071.6119587148423,1289.3324440103606,637.4746759402792,273.02490820186324,0.10728342506593276,13.666666666666666
274,3.112,-1.4136125654450262,-61.25,2071.6119587148423,1289.3324440103606,637.4746759402792,273.02490820186324,0.0,0.5
275,0.2367,-0.4712041884816754,-61.25,2110.534646924065,1269.0201091920608,632.4401829135464,251.4902587849203,0.3915107934164393,196.33333333333334
275,1.1514,-0.4712041884816754,-61.25,2110.534646924065,1269.0201091920608,632.4401829135464,251.4902587849203,0.0915796703296703,15.666666666666666
275,3.112,-0.4712041884816754,-61.25,2110.534646924065,1269.0201091920608,632.4401829135464,251.4902587849203,0.0,0.75
276,0.2367,0.4712041884816754,-61.25,2098.811928061847,1258.6422746055177,618.8209896766467,214.19754423037875,0.40355926608783577,142.33333333333334
276,1.1514,0.4712041884816754,-61.25,2098.811928061847,1258.6422746055177,618.8209896766467,214.19754423037875,0.11121482683982681,11.25
276,3.112,0.4712041884816754,-61.25,2098.811928061847,1258.6422746055177,618.8209896766467,214.19754423037875,0.0,0.75
277,0.2367,1.4136125654450262,-61.25,2013.0651313385667,1259.7481733938912,601.244881076597,161.645795381331,0.42098408698856704,78.83333333333333
277,1.1514,1.4136125654450262,-61.25,2013.0651313385667,1259.7481733938912,601.244881076597,161.645795381331,0.1036142234671646,6.5
277,3.112,1.4136125654450262,-61.25,2013.0651313385667,1259.7481733938912,601.244881076597,161.645795381331,0.0,0.5833333333333334
278,0.2367,2.356020942408377,-61.25,1810.661509120519,1231.6939583644853,542.0867295244622,112.74714222996934,0.43830652409078685,40.25
278,1.1514,2.356020942408377,-61.25,1810.661509120519,1231.6939583644853,542.0867295244622,112.74714222996934,0.1332001332001332,3.0833333333333335
278,3.112,2.356020942408377,-61.25,1810.661509120519,1231.6939583644853,542.0867295244622,112.74714222996934,0.0,0.0
279,0.2367,3.298429319371728,-61.25,1409.9840283457381,1165.11091139575,432.093041294174,71.57224860398628,0.4632992419041288,20.583333333333332
279,1.1514,3.298429319371728,-61.25,1409.9840283457381,1165.11091139575,432.093041294174,71.57224860398628,0.17003968253968252,1.6666666666666667
279,3.112,3.298429319371728,-61.25,1409.9840283457381,1165.11091139575,432.093041294174,71.57224860398628,0.0,0.0
280,0.2367,4.240837696335079,-61.25,1092.9688183074077,926.0696883068886,241.29604682976117,47.61395599835963,0.5497017943268077,7.833333333333333
280,1.1514,4.240837696335079,-61.25,1092.9688183074077,926.0696883068886,241.29604682976117,47.61395599835963,0.1527777777777778,1.25
280,3.112,4.240837696335079,-61.25,1092.9688183074077,926.0696883068886,241.29604682976117,47.61395599835963,0.0,0.0
281,0.2367,-15.549738219895294,-60.0,1036.3611916642724,688.0483295682643,82.15008675950897,285.08530943704454,0.3247710246413123,450.1666666666667
281,1.1514,-15.549738219895294,-60.0,1036.3611916642724,688.0483295682643,82.15008675950897,285.08530943704454,0.0,0.4166666666666667
281,3.112,-15.549738219895294,-60.0,1036.3611916642724,688.0483295682643,82.15008675950897,285.08530943704454,0.0,0.0
282,0.2367,-14.60732984293194,-60.0,1078.8233067325614,1032.2015766598633,136.3213535409395,296.12661299104695,0.26073543845611563,529.6666666666666
282,1.1514,-14.60732984293194,-60.0,1078.8233067325614,1032.2015766598633,136.3213535409395,296.12661299104695,0.020833333333333332,2.0833333333333335
282,3.112,-14.60732984293194,-60.0,1078.8233067325614,1032.2015766598633,136.3213535409395,296.12661299104695,0.0,0.0
283,0.2367,-13.664921465968591,-60.0,1171.1046870918453,1073.196658785164,174.33497610178614,318.05731509115003,0.23949013153914758,693.3333333333334
283,1.1514,-13.664921465968591,-60.0,1171.1046870918453,1073.196658785164,174.33497610178614,318.05731509115003,0.040277777777777767,2.8333333333333335
283,3.112,-13.664921465968591,-60.0,1171.1046870918453,1073.196658785164,174.33497610178614,318.05731509115003,0.0,0.0
284,0.2367,-12.72251308900524,-60.0,1274.333646821973,958.4753317199074,211.37850105416675,338.9506930827212,0.2409549663848594,866.0
284,1.1514,-12.72251308900524,-60.0,1274.333646821973,958.4753317199074,211.37850105416675,338.9506930827212,0.05823412698412698,3.8333333333333335
284,3.112,-12.72251308900524,-60.0,1274.333646821973,958.4753317199074,211.37850105416675,338.9506930827212,0.0,0.0
285,0.2367,-11.780104712041888,-60.0,1417.6381177231906,1042.7131315378733,261.6507255789799,364.60142625284345,0.2334008541564022,1065.5
285,1.1514,-11.780104712041888,-60.0,1417.6381177231906,1042.7131315378733,261.6507255789799,364.60142625284345,0.10119047619047618,7.333333333333333
285,3.112,-11.780104712041888,-60.0,1417.6381177231906,1042.7131315378733,261.6507255789799,364.60142625284345,0.0,0.3333333333333333
286,0.2367,-10.837696335078538,-60.0,1504.2759093170973,1051.8058899800417,302.32630434102555,365.7755568259647,0.24701151458995926,1066.6666666666667
286,1.1514,-10.837696335078538,-60.0,1504.2759093170973,1051.8058899800417,302.32630434102555,365.7755568259647,0.11920695045695044,9.166666666666666
286,3.112,-10.837696335078538,-60.0,1504.2759093170973,1051.8058899800417,302.32630434102555,365.7755568259647,0.0,0.75
287,0.2367,-9.895287958115183,-60.0,1576.5640912150989,1100.697020443913,348.1625319137567,363.9574978438823,0.2496982165315423,985.1666666666666
287,1.1514,-9.895287958115183,-60.0,1576.5640912150989,1100.697020443913,348.1625319137567,363.9574978438823,0.11460622710622709,11.416666666666666
287,3.112,-9.895287958115183,-60.0,1576.5640912150989,1100.697020443913,348.1625319137567,363.9574978438823,0.0,0.75
288,0.2367,-8.952879581151834,-60.0,1669.1663200790972,1176.8363287186367,400.79072505772194,360.1368826232161,0.24167612808380837,853.75
288,1.1514,-8.952879581151834,-60.0,1669.1663200790972,1176.8363287186367,400.79072505772194,360.1368826232161,0.12227425352425349,11.333333333333334
288,3.112,-8.952879581151834,-60.0,1669.1663200790972,1176.8363287186367,400.79072505772194,360.1368826232161,0.0,0.75
289,0.2367,-8.010471204188482,-60.0,1825.962508215492,1233.5150427083136,454.61180162163095,368.59515266594644,0.23463263612449115,753.5833333333334
289,1.1514,-8.010471204188482,-60.0,1825.962508215492,1233.5150427083136,454.61180162163095,368.59515266594644,0.11078331390831388,15.75
289,3.112,-8.010471204188482,-60.0,1825.962508215492,1233.5150427083136,454.61180162163095,368.59515266594644,0.0,1.1666666666666667
290,0.2367,-7.0680628272251305,-60.0,1949.2956349544656,1237.6637989343726,495.3108782882914,378.7177587036418,0.23981623422692303,675.5833333333334
290,1.1514,-7.0680628272251305,-60.0,1949.2956349544656,1237.6637989343726,495.3108782882914,378.7177587036418,0.13438381244753791,19.416666666666668
290,3.112,-7.0680628272251305,-60.0,1949.2956349544656,1237.6637989343726,495.3108782882914,378.7177587036418,0.0,1.3333333333333333
291,0.2367,-6.12565445026178,-60.0,2028.7167742541983,1252.2301093832357,537.3192547938403,375.4716266218338,0.2722633074164262,581.8333333333334
291,1.1514,-6.12565445026178,-60.0,2028.7167742541983,1252.2301093832357,537.3192547938403,375.4716266218338,0.13419763107263105,18.916666666666668
291,3.112,-6.12565445026178,-60.0,2028.7167742541983,1252.2301093832357,537.3192547938403,375.4716266218338,0.0,1.0833333333333333
292,0.2367,-5.183246073298429,-60.0,1971.1428186886492,1280.1279862600495,575.39462678159,336.8934519863959,0.26894107394884587,468.8333333333333
292,1.1514,-5.183246073298429,-60.0,1971.1428186886492,1280.1279862600495,575.39462678159,336.8934519863959,0.13527493067934243,16.083333333333332
292,3.112,-5.183246073298429,-60.0,1971.1428186886492,1280.1279862600495,575.39462678159,336.8934519863959,0.0,0.9166666666666666
293,0.2367,-4.240837696335079,-60.0,1954.3067962198406,1298.1722849336802,603.9770514741986,314.90188351283564,0.346903340218821,392.5
293,1.1514,-4.240837696335079,-60.0,1954.3067962198406,1298.1722849336802,603.9770514741986,314.90188351283564,0.12616758241758239,14.833333333333334
293,3.112,-4.240837696335079,-60.0,1954.3067962198406,1298.1722849336802,603.9770514741986,314.90188351283564,0.0,0.8333333333333334
294,0.2367,-3.298429319371728,-60.0,2151.5721976376117,1350.4220397971221,636.423158638278,316.19959428624304,0.33862981718774576,355.5
294,1.1514,-3.298429319371728,-60.0,2151.5721976376117,1350.4220397971221,636.423158638278,316.19959428624304,0.10909986126704391,19.583333333333332
294,3.112,-3.298429319371728,-60.0,2151.5721976376117,1350.4220397971221,636.423158638278,316.19959428624304,0.0,0.8333333333333334
295,0.2367,-2.356020942408377,-60.0,2116.4531133327932,1252.813687787857,630.099870537701,289.95030575347084,0.37393245785845636,288.25
295,1.1514,-2.356020942408377,-60.0,2116.4531133327932,1252.813687787857,630.099870537701,289.95030575347084,0.11634234501881559,16.083333333333332
295,3.112,-2.356020942408377,-60.0,2116.4531133327932,1252.813687787857,630.099870537701,289.95030575347084,0.0,0.8333333333333334
296,0.2367,-1.4136125654450262,-60.0,2156.5221682695174,1241.3493192731403,632.3214594741255,268.9000630167428,0.3745340546475111,226.0
296,1.1514,-1.4136125654450262,-60.0,2156.5221682695174,1241.3493192731403,632.3214594741255,268.9000630167428,0.10720899470899468,18.416666666666668
296,3.112,-1.4136125654450262,-60.0,2156.5221682695174,1241.3493192731403,632.3214594741255,268.9000630167428,0.0,0.5
297,0.2367,-0.4712041884816754,-60.0,2144.571776257648,1263.0793166079093,640.9255696842897,240.4306441334248,0.3932495180059963,148.83333333333334
297,1.1514,-0.4712041884816754,-60.0,2144.571776257648,1263.0793166079093,640.9255696842897,240.4306441334248,0.0964526123839849,18.666666666666668
297,3.112,-0.4712041884816754,-60.0,2144.571776257648,1263.0793166079093,640.9255696842897,240.4306441334248,0.0069444444444444415,1.3333333333333333
298,0.2367,0.4712041884816754,-60.0,2013.1003122013333,1255.4300189230707,631.2838917964668,174.8995836715575,0.40944624468703356,94.25
298,1.1514,0.4712041884816754,-60.0,2013.1003122013333,1255.4300189230707,631.2838917964668,174.8995836715575,0.1409722222222222,9.666666666666666
298,3.112,0.4712041884816754,-60.0,2013.1003122013333,1255.4300189230707,631.2838917964668,174.8995836715575,0.0,0.5
299,0.2367,1.4136125654450262,-60.0,1929.3731771453088,1188.8769219166716,571.4168190600152,110.53307846817192,0.4330505450841054,48.583333333333336
299,1.1514,1.4136125654450262,-60.0,1929.3731771453088,1188.8769219166716,571.4168190600152,110.53307846817192,0.10674690197716512,3.75
299,3.112,1.4136125654450262,-60.0,1929.3731771453088,1188.8769219166716,571.4168190600152,110.53307846817192,0.0,0.08333333333333333
300,0.2367,2.356020942408377,-60.0,1815.478368031019,1172.2824094662792,538.7111583384491,63.2493991125083,0.44418812487746034,19.5
300,1.1514,2.356020942408377,-60.0,1815.478368031019,1172.2824094662792,538.7111583384491,63.2493991125083,0.1471306471306471,1.0
300,3.112,2.356020942408377,-60.0,1815.478368031019,1172.2824094662792,538.7111583384491,63.2493991125083,0.0,0.0
301,0.2367,3.298429319371728,-60.0,1486.9495850807753,1122.8132753018872,461.34863189818697,36.735251591795745,0.46222611993249235,8.416666666666666
301,1.1514,3.298429319371728,-60.0,1486.9495850807753,1122.8132753018872,461.34863189818697,36.735251591795745,0.18154761904761904,0.5
301,3.112,3.298429319371728,-60.0,1486.9495850807753,1122.8132753018872,461.34863189818697,36.735251591795745,0.0,0.0
302,0.2367,4.240837696335079,-60.0,1303.0835132734164,1033.8781264278805,352.5200316862946,25.27100295815429,0.4909863768501653,3.1666666666666665
302,1.1514,4.240837696335079,-60.0,1303.0835132734164,1033.8781264278805,352.5200316862946,25.27100295815429,0.12083333333333333,0.25
302,3.112,4.240837696335079,-60.0,1303.0835132734164,1033.8781264278805,352.5200316862946,25.27100295815429,0.0,0.0
303,0.2367,5.183246073298429,-60.0,1454.970743017188,1029.6612620614178,271.1743106134213,19.478058020403008,0.5332953303192567,1.0
303,1.1514,5.183246073298429,-60.0,1454.970743017188,1029.6612620614178,271.1743106134213,19.478058020403008,0.08333333333333333,0.25
303,3.112,5.183246073298429,-60.0,1454.970743017188,1029.6612620614178,271.1743106134213,19.478058020403008,0.0,0.0
304,0.2367,-13.664921465968591,-58.75,1325.758713291906,859.7703215442016,142.6007184221358,325.38579326579463,0.24167708441332267,841.9166666666666
304,1.1514,-13.664921465968591,-58.75,1325.758713291906,859.7703215442016,142.6007184221358,325.38579326579463,0.10138888888888888,4.166666666666667
304,3.112,-13.664921465968591,-58.75,1325.758713291906,859.7703215442016,142.6007184221358,325.38579326579463,0.0,0.0
305,0.2367,-12.72251308900524,-58.75,1345.541086708506,986.5798374612268,204.34786856166954,339.61148029761915,0.23688812372903748,971.0
305,1.1514,-12.72251308900524,-58.75,1345.541086708506,986.5798374612268,204.34786856166954,339.61148029761915,0.07956349206349206,5.416666666666667
305,3.112,-12.72251308900524,-58.75,1345.541086708506,986.5798374612268,204.34786856166954,339.61148029761915,0.0,0.08333333333333333
306,0.2367,-11.780104712041888,-58.75,1474.6232403712143,1090.298912635917,254.77021118518047,365.5086888968787,0.22894002001980138,1060.8333333333333
306,1.1514,-11.780104712041888,-58.75,1474.6232403712143,1090.298912635917,254.77021118518047,365.5086888968787,0.08963521046854378,8.833333333333334
306,3.112,-11.780104712041888,-58.75,1474.6232403712143,1090.298912635917,254.77021118518047,365.5086888968787,0.0,0.4166666666666667
307,0.2367,-10.837696335078538,-58.75,1582.4034361008794,1115.6745551862696,304.2820950895271,367.1285163032336,0.2500807323341709,1076.4166666666667
307,1.1514,-10.837696335078538,-58.75,1582.4034361008794,1115.6745551862696,304.2820950895271,367.1285163032336,0.1282083203651831,11.916666666666666
307,3.112,-10.837696335078538,-58.75,1582.4034361008794,1115.6745551862696,304.2820950895271,367.1285163032336,0.0,0.75
308,0.2367,-9.895287958115183,-58.75,1686.85043715033,1198.0754322037683,364.77739545302006,361.22204110408614,0.24207331309448488,886.6666666666666
308,1.1514,-9.895287958115183,-58.75,1686.85043715033,1198.0754322037683,364.77739545302006,361.22204110408614,0.12324313155044643,14.416666666666666
308,3.112,-9.895287958115183,-58.75,1686.85043715033,1198.0754322037683,364.77739545302006,361.22204110408614,0.0,0.75
309,0.2367,-8.952879581151834,-58.75,1820.5167909567,1206.5032350594993,418.07284983674197,363.68125010830164,0.24778878457798606,746.75
309,1.1514,-8.952879581151834,-58.75,1820.5167909567,1206.5032350594993,418.07284983674197,363.68125010830164,0.12467809967809966,14.083333333333334
309,3.112,-8.952879581151834,-58.75,1820.5167909567,1206.5032350594993,418.07284983674197,363.68125010830164,0.0,1.1666666666666667
310,0.2367,-8.010471204188482,-58.75,1947.8976274442134,1205.6640246097231,461.2621072511683,360.8227917257226,0.24413484201855798,639.75
310,1.1514,-8.010471204188482,-58.75,1947.8976274442134,1205.6640246097231,461.2621072511683,360.8227917257226,0.12729400909547967,15.916666666666666
310,3.112,-8.010471204188482,-58.75,1947.8976274442134,1205.6640246097231,461.2621072511683,360.8227917257226,0.0069444444444444415,1.4166666666666667
311,0.2367,-7.0680628272251305,-58.75,2038.8845544823723,1234.8325501466752,508.42770280953243,364.4726162559749,0.24061962997629496,559.6666666666666
311,1.1514,-7.0680628272251305,-58.75,2038.8845544823723,1234.8325501466752,508.42770280953243,364.4726162559749,0.1555200110347169,17.75
311,3.112,-7.0680628272251305,-58.75,2038.8845544823723,1234.8325501466752,508.42770280953243,364.4726162559749,0.0,1.3333333333333333
312,0.2367,-6.12565445026178,-58.75,2094.1441567107686,1241.3120971637545,544.4021678059478,359.51429223077633,0.2825396999916079,456.0
312,1.1514,-6.12565445026178,-58.75,2094.1441567107686,1241.3120971637545,544.4021678059478,359.51429223077633,0.14069316476437219,21.166666666666668
312,3.112,-6.12565445026178,-58.75,2094.1441567107686,1241.3120971637545,544.4021678059478,359.51429223077633,0.0,1.1666666666666667
313,0.2367,-5.183246073298429,-58.75,2038.463035928685,1251.9253999460489,579.1473595605187,331.6817257822151,0.27552493411412565,385.1666666666667
313,1.1514,-5.183246073298429,-58.75,2038.463035928685,1251.9253999460489,579.1473595605187,331.6817257822151,0.14068163196452668,19.583333333333332
313,3.112,-5.183246073298429,-58.75,2038.463035928685,1251.9253999460489,579.1473595605187,331.6817257822151,0.0,1.3333333333333333
314,0.2367,-4.240837696335079,-58.75,1979.0610306792987,1303.128885338665,616.062197377979,307.2644222828021,0.3570589078293053,310.5
314,1.1514,-4.240837696335079,-58.75,1979.0610306792987,1303.128885338665,616.062197377979,307.2644222828021,0.13316491013859433,17.416666666666668
314,3.112,-4.240837696335079,-58.75,1979.0610306792987,1303.128885338665,616.062197377979,307.2644222828021,0.0,1.0833333333333333
315,0.2367,-3.298429319371728,-58.75,2201.55485711162,1353.7546915336861,647.8244270418046,307.5011138438555,0.35016268905608094,275.4166666666667
315,1.1514,-3.298429319371728,-58.75,2201.55485711162,1353.7546915336861,647.8244270418046,307.5011138438555,0.12828664391164388,21.5
315,3.112,-3.298429319371728,-58.75,2201.55485711162,1353.7546915336861,647.8244270418046,307.5011138438555,0.0,0.9166666666666666
316,0.2367,-2.356020942408377,-58.75,2104.0658261757308,1265.4235426415107,639.769826552351,275.36472990960226,0.3718658830944109,221.0
316,1.1514,-2.356020942408377,-58.75,2104.0658261757308,1265.4235426415107,639.769826552351,275.36472990960226,0.13696547117599747,19.166666666666668
316,3.112,-2.356020942408377,-58.75,2104.0658261757308,1265.4235426415107,639.769826552351,275.36472990960226,0.0,0.8333333333333334
317,0.2367,-1.4136125654450262,-58.75,2200.17701757255,1257.507321317098,647.1598510231988,267.4488927627519,0.3693826952779311,179.75
317,1.1514,-1.4136125654450262,-58.75,2200.17701757255,1257.507321317098,647.1598510231988,267.4488927627519,0.12327568344444773,18.833333333333332
317,3.112,-1.4136125654450262,-58.75,2200.17701757255,1257.507321317098,647.1598510231988,267.4488927627519,0.013888888888888883,1.25
318,0.2367,-0.4712041884816754,-58.75,2148.25922308563,1252.996403844736,655.1924220252797,232.01569967759968,0.39470601919523335,120.91666666666667
318,1.1514,-0.4712041884816754,-58.75,2148.25922308563,1252.996403844736,655.1924220252797,232.01569967759968,0.11328191471212064,14.916666666666666
318,3.112,-0.4712041884816754,-58.75,2148.25922308563,1252.996403844736,655.1924220252797,232.01569967759968,0.013888888888888883,1.0833333333333333
319,0.2367,0.4712041884816754,-58.75,2054.268091112519,1244.629793340282,644.0618812790124,169.63684619892038,0.40687866361051434,69.5
319,1.1514,0.4712041884816754,-58.75,2054.268091112519,1244.629793340282,644.0618812790124,169.63684619892038,0.1272295321637427,9.166666666666666
319,3.112,0.4712041884816754,-58.75,2054.268091112519,1244.629793340282,644.0618812790124,169.63684619892038,0.0,0.8333333333333334
320,0.2367,-13.664921465968591,-57.5,1390.6885445763887,931.9292259647045,139.32878019375806,330.65153550904023,0.24615751296468405,950.9166666666666
320,1.1514,-13.664921465968591,-57.5,1390.6885445763887,931.9292259647045,139.32878019375806,330.65153550904023,0.12222222222222222,4.666666666666667
320,3.112,-13.664921465968591,-57.5,1390.6885445763887,931.9292259647045,139.32878019375806,330.65153550904023,0.0,0.0
321,0.2367,-12.72251308900524,-57.5,1413.2747188443068,1007.3155715252869,196.39475681082925,338.0821821538165,0.24913128339942894,1009.75
321,1.1514,-12.72251308900524,-57.5,1413.2747188443068,1007.3155715252869,196.39475681082925,338.0821821538165,0.09166666666666666,7.25
321,3.112,-12.72251308900524,-57.5,1413.2747188443068,1007.3155715252869,196.39475681082925,338.0821821538165,0.0,0.08333333333333333
322,0.2367,-11.780104712041888,-57.5,1535.8832156678257,1079.4014287293248,244.62777810190408,356.28729618350184,0.2391221971018831,1080.0
322,1.1514,-11.780104712041888,-57.5,1535.8832156678257,1079.4014287293248,244.62777810190408,356.28729618350184,0.11544533682691575,10.583333333333334
322,3.112,-11.780104712041888,-57.5,1535.8832156678257,1079.4014287293248,244.62777810190408,356.28729618350184,0.0,0.4166666666666667
323,0.2367,-10.837696335078538,-57.5,1657.9512946448021,1098.3726805489277,294.6126838379261,359.3072072564393,0.26609122970332133,979.0
323,1.1514,-10.837696335078538,-57.5,1657.9512946448021,1098.3726805489277,294.6126838379261,359.3072072564393,0.12057422226422675,16.333333333333332
323,3.112,-10.837696335078538,-57.5,1657.9512946448021,1098.3726805489277,294.6126838379261,359.3072072564393,0.0,1.0833333333333333
324,0.2367,-9.895287958115183,-57.5,1795.7013161228497,1100.609190971445,347.25578829448915,352.74067996108613,0.2573371739643294,813.0833333333334
324,1.1514,-9.895287958115183,-57.5,1795.7013161228497,1100.609190971445,347.25578829448915,352.74067996108613,0.12249559322288746,17.333333333333332
324,3.112,-9.895287958115183,-57.5,1795.7013161228497,1100.609190971445,347.25578829448915,352.74067996108613,0.0,1.0833333333333333
325,0.2367,-8.952879581151834,-57.5,1930.6002567345577,1215.1251986724674,419.68304871693226,351.2843165226502,0.24992211802461692,669.1666666666666
325,1.1514,-8.952879581151834,-57.5,1930.6002567345577,1215.1251986724674,419.68304871693226,351.2843165226502,0.12794917676568368,14.333333333333334
325,3.112,-8.952879581151834,-57.5,1930.6002567345577,1215.1251986724674,419.68304871693226,351.2843165226502,0.013888888888888883,1.5833333333333333
326,0.2367,-8.010471204188482,-57.5,2013.3960108299873,1203.078017628577,469.95378826026905,339.42053504128074,0.24575602145082268,531.4166666666666
326,1.1514,-8.010471204188482,-57.5,2013.3960108299873,1203.078017628577,469.95378826026905,339.42053504128074,0.12747596902008665,16.75
326,3.112,-8.010471204188482,-57.5,2013.3960108299873,1203.078017628577,469.95378826026905,339.42053504128074,0.027777777777777766,1.75
327,0.2367,-7.0680628272251305,-57.5,2041.7595928032442,1229.3433637949056,513.5868982231922,327.9524775489267,0.25075147344826726,431.8333333333333
327,1.1514,-7.0680628272251305,-57.5,2041.7595928032442,1229.3433637949056,513.5868982231922,327.9524775489267,0.14694861919126623,16.583333333333332
327,3.112,-7.0680628272251305,-57.5,2041.7595928032442,1229.3433637949056,513.5868982231922,327.9524775489267,0.013888888888888883,1.5
328,0.2367,-6.12565445026178,-57.5,2008.1272812814245,1277.6686625147704,563.2910008406578,315.0552914383165,0.2856816124696289,333.75
328,1.1514,-6.12565445026178,-57.5,2008.1272812814245,1277.6686625147704,563.2910008406578,315.0552914383165,0.14793903672580141,19.5
328,3.112,-6.12565445026178,-57.5,2008.1272812814245,1277.6686625147704,563.2910008406578,315.0552914383165,0.0,1.25
329,0.2367,-5.183246073298429,-57.5,1955.0491114467252,1264.4911114280694,588.0832636278251,295.3079582582614,0.2941977080614701,255.33333333333334
329,1.1514,-5.183246073298429,-57.5,1955.0491114467252,1264.4911114280694,588.0832636278251,295.3079582582614,0.14303094100888217,17.333333333333332
329,3.112,-5.183246073298429,-57.5,1955.0491114467252,1264.4911114280694,588.0832636278251,295.3079582582614,0.0,1.3333333333333333
330,0.2367,-4.240837696335079,-57.5,1880.1094766692668,1260.2832389669493,615.7798020943676,273.92928274346843,0.3729567130053637,213.0
330,1.1514,-4.240837696335079,-57.5,1880.1094766692668,1260.2832389669493,615.7798020943676,273.92928274346843,0.13770861813624968,17.0
330,3.112,-4.240837696335079,-57.5,1880.1094766692668,1260.2832389669493,615.7798020943676,273.92928274346843,0.0,0.9166666666666666
331,0.2367,-3.298429319371728,-57.5,1909.4673988569507,1318.265654433926,649.1128891508378,255.4045955458727,0.35683332807757545,178.0
331,1.1514,-3.298429319371728,-57.5,1909.4673988569507,1318.265654433926,649.1128891508378,255.4045955458727,0.13184242657926867,16.083333333333332
331,3.112,-3.298429319371728,-57.5,1909.4673988569507,1318.265654433926,649.1128891508378,255.4045955458727,0.0,0.75
332,0.2367,-2.356020942408377,-57.5,2073.9244734916424,1321.8859210907249,669.7679295660585,257.4770012779473,0.38085108272935225,155.16666666666666
332,1.1514,-2.356020942408377,-57.5,2073.9244734916424,1321.8859210907249,669.7679295660585,257.4770012779473,0.13920344243234267,15.666666666666666
332,3.112,-2.356020942408377,-57.5,2073.9244734916424,1321.8859210907249,669.7679295660585,257.4770012779473,0.013888888888888883,1.1666666666666667
333,0.2367,-1.4136125654450262,-57.5,1989.3093437124799,1266.247825002938,669.6693473454726,248.87949320744727,0.37130872072148247,129.0
333,1.1514,-1.4136125654450262,-57.5,1989.3093437124799,1266.247825002938,669.6693473454726,248.87949320744727,0.15114142679932152,13.666666666666666
333,3.112,-1.4136125654450262,-57.5,1989.3093437124799,1266.247825002938,669.6693473454726,248.87949320744727,0.03472222222222222,1.5
334,0.2367,-0.4712041884816754,-57.5,1859.8256664115638,1258.0019354744582,669.8322419525606,208.2015413596913,0.38953071491878816,95.08333333333333
334,1.1514,-0.4712041884816754,-57.5,1859.8256664115638,1258.0019354744582,669.8322419525606,208.2015413596913,0.10486775651249335,11.666666666666666
334,3.112,-0.4712041884816754,-57.5,1859.8256664115638,1258.0019354744582,669.8322419525606,208.2015413596913,0.012499999999999999,0.8333333333333334
335,0.2367,0.4712041884816754,-57.5,1770.3262466500341,1222.0802546750929,638.6739528523634,157.4203033779379,0.40591489437295625,49.75
335,1.1514,0.4712041884816754,-57.5,1770.3262466500341,1222.0802546750929,638.6739528523634,157.4203033779379,0.10866402116402114,8.333333333333334
335,3.112,0.4712041884816754,-57.5,1770.3262466500341,1222.0802546750929,638.6739528523634,157.4203033779379,0.0,0.5
336,0.2367,1.4136125654450262,-57.5,1690.1757394534632,1090.463507578188,523.7943322827608,98.63793621495539,0.435651434694666,26.666666666666668
336,1.1514,1.4136125654450262,-57.5,1690.1757394534632,1090.463507578188,523.7943322827608,98.63793621495539,0.15208333333333332,4.0
336,3.112,1.4136125654450262,-57.5,1690.1757394534632,1090.463507578188,523.7943322827608,98.63793621495539,0.0,0.16666666666666666
337,0.2367,-13.664921465968591,-56.25,1511.529115396356,956.6328279051231,139.30133401376443,326.7761455866266,0.2607766375518645,967.5
337,1.1514,-13.664921465968591,-56.25,1511.529115396356,956.6328279051231,139.30133401376443,326.7761455866266,0.13842592592592592,5.416666666666667
337,3.112,-13.664921465968591,-56.25,1511.529115396356,956.6328279051231,139.30133401376443,326.7761455866266,0.0,0.0
338,0.2367,-12.72251308900524,-56.25,1559.098737239758,1005.821355250664,185.38890714542197,344.7599138547134,0.24447425987837032,1116.5833333333333
338,1.1514,-12.72251308900524,-56.25,1559.098737239758,1005.821355250664,185.38890714542197,344.7599138547134,0.12051282051282049,10.416666666666666
338,3.112,-12.72251308900524,-56.25,1559.098737239758,1005.821355250664,185.38890714542197,344.7599138547134,0.0,0.08333333333333333
339,0.2367,-11.780104712041888,-56.25,1615.67027582001,1112.4085661754361,238.11272351875525,354.02214607790967,0.24395105088673227,1057.6666666666667
339,1.1514,-11.780104712041888,-56.25,1615.67027582001,1112.4085661754361,238.11272351875525,354.02214607790967,0.11656397939292674,13.916666666666666
339,3.112,-11.780104712041888,-56.25,1615.67027582001,1112.4085661754361,238.11272351875525,354.02214607790967,0.0,0.75
340,0.2367,-10.837696335078538,-56.25,1694.55045609946,1151.925605450815,292.60897845077363,336.45953148829625,0.2714940780936525,828.8333333333334
340,1.1514,-10.837696335078538,-56.25,1694.55045609946,1151.925605450815,292.60897845077363,336.45953148829625,0.12776362609874836,18.166666666666668
340,3.112,-10.837696335078538,-56.25,1694.55045609946,1151.925605450815,292.60897845077363,336.45953148829625,0.0,0.75
341,0.2367,-9.895287958115183,-56.25,1825.752575127579,1144.2625165937352,340.1898745542326,318.8852885015331,0.26926537235503123,658.0833333333334
341,1.1514,-9.895287958115183,-56.25,1825.752575127579,1144.2625165937352,340.1898745542326,318.8852885015331,0.13260121139804457,16.666666666666668
341,3.112,-9.895287958115183,-56.25,1825.752575127579,1144.2625165937352,340.1898745542326,318.8852885015331,0.0,1.0833333333333333
342,0.2367,-8.952879581151834,-56.25,1972.2886366249397,1184.9279837138602,407.5196861978566,325.3939585063346,0.2533160591510372,548.9166666666666
342,1.1514,-8.952879581151834,-56.25,1972.2886366249397,1184.9279837138602,407.5196861978566,325.3939585063346,0.12614921835623125,16.083333333333332
342,3.112,-8.952879581151834,-56.25,1972.2886366249397,1184.9279837138602,407.5196861978566,325.3939585063346,0.0,1.5
343,0.2367,-8.010471204188482,-56.25,2085.69425506442,1088.054087577293,444.92308692752465,315.2042697551627,0.2566566729957597,417.1666666666667
343,1.1514,-8.010471204188482,-56.25,2085.69425506442,1088.054087577293,444.92308692752465,315.2042697551627,0.1197828383490148,17.583333333333332
343,3.112,-8.010471204188482,-56.25,2085.69425506442,1088.054087577293,444.92308692752465,315.2042697551627,0.0069444444444444415,1.6666666666666667
344,0.2367,-7.0680628272251305,-56.25,2035.6054782707338,1109.0089542443093,487.20275794921434,289.7569692017646,0.2710614959406938,307.5
344,1.1514,-7.0680628272251305,-56.25,2035.6054782707338,1109.0089542443093,487.20275794921434,289.7569692017646,0.1480517848164907,15.5
344,3.112,-7.0680628272251305,-56.25,2035.6054782707338,1109.0089542443093,487.20275794921434,289.7569692017646,0.0069444444444444415,1.1666666666666667
345,0.2367,-6.12565445026178,-56.25,1908.0925046158163,1142.3246666675186,522.0869975894354,263.72716705975796,0.32591512533281525,221.25
345,1.1514,-6.12565445026178,-56.25,1908.0925046158163,1142.3246666675186,522.0869975894354,263.72716705975796,0.16202977986066222,14.166666666666666
345,3.112,-6.12565445026178,-56.25,1908.0925046158163,1142.3246666675186,522.0869975894354,263.72716705975796,0.0,1.0
346,0.2367,-5.183246073298429,-56.25,1758.6956024192486,1274.6753551848815,595.7101672158785,232.3741642794582,0.38897586215370117,166.08333333333334
346,1.1514,-5.183246073298429,-56.25,1758.6956024192486,1274.6753551848815,595.7101672158785,232.3741642794582,0.15170822111611584,13.166666666666666
346,3.112,-5.183246073298429,-56.25,1758.6956024192486,1274.6753551848815,595.7101672158785,232.3741642794582,0.0,0.75
347,0.2367,-4.240837696335079,-56.25,1667.8291572147746,1238.2840981922345,609.0175520644282,204.25017367707053,0.38735646206241725,127.66666666666667
347,1.1514,-4.240837696335079,-56.25,1667.8291572147746,1238.2840981922345,609.0175520644282,204.25017367707053,0.14711328976034857,11.666666666666666
347,3.112,-4.240837696335079,-56.25,1667.8291572147746,1238.2840981922345,609.0175520644282,204.25017367707053,0.0,0.5833333333333334
348,0.2367,-3.298429319371728,-56.25,1677.5289554883202,1245.9750983232516,636.3805947214149,197.9790552612038,0.45247206535133905,107.33333333333333
348,1.1514,-3.298429319371728,-56.25,1677.5289554883202,1245.9750983232516,636.3805947214149,197.9790552612038,0.14187957939892923,10.75
348,3.112,-3.298429319371728,-56.25,1677.5289554883202,1245.9750983232516,636.3805947214149,197.9790552612038,0.013888888888888883,0.75
349,0.2367,-2.356020942408377,-56.25,1830.2251715666048,1369.4957737534423,702.6895309629597,197.1139448561019,0.3754652041393865,89.41666666666667
349,1.1514,-2.356020942408377,-56.25,1830.2251715666048,1369.4957737534423,702.6895309629597,197.1139448561019,0.13956412130754234,9.166666666666666
349,3.112,-2.356020942408377,-56.25,1830.2251715666048,1369.4957737534423,702.6895309629597,197.1139448561019,0.027777777777777776,0.5
350,0.2367,-1.4136125654450262,-56.25,1568.8199046502932,1283.847875809588,686.675553727124,168.4042031395279,0.3910371673120503,67.66666666666667
350,1.1514,-1.4136125654450262,-56.25,1568.8199046502932,1283.847875809588,686.675553727124,168.4042031395279,0.15455495656734045,6.833333333333333
350,3.112,-1.4136125654450262,-56.25,1568.8199046502932,1283.847875809588,686.675553727124,168.4042031395279,0.06944444444444443,0.4166666666666667
351,0.2367,-0.4712041884816754,-56.25,1300.7608309957259,1080.217619598261,584.7864601471925,121.27969309974847,0.41927419851549,45.5
351,1.1514,-0.4712041884816754,-56.25,1300.7608309957259,1080.217619598261,584.7864601471925,121.27969309974847,0.1746134992458522,4.583333333333333
351,3.112,-0.4712041884816754,-56.25,1300.7608309957259,1080.217619598261,584.7864601471925,121.27969309974847,0.027777777777777776,0.3333333333333333
352,0.2367,0.4712041884816754,-56.25,1268.2656659871,1055.507589605113,554.8350409924133,90.76430467001539,0.432430094691639,24.916666666666668
352,1.1514,0.4712041884816754,-56.25,1268.2656659871,1055.507589605113,554.8350409924133,90.76430467001539,0.17187367371190898,2.9166666666666665
352,3.112,0.4712041884816754,-56.25,1268.2656659871,1055.507589605113,554.8350409924133,90.76430467001539,0.0,0.0
353,0.2367,1.4136125654450262,-56.25,1280.2963064616306,1121.5729218311026,564.0412024187704,67.8026860075102,0.4360900116210323,13.166666666666666
353,1.1514,1.4136125654450262,-56.25,1280.2963064616306,1121.5729218311026,564.0412024187704,67.8026860075102,0.17082679031208445,2.0
353,3.112,1.4136125654450262,-56.25,1280.2963064616306,1121.5729218311026,564.0412024187704,67.8026860075102,0.0,0.0
354,0.2367,-14.60732984293194,-55.0,1498.1972619433077,904.8388738671929,97.77976749897023,324.9259274201962,0.2694896412905191,1057.5
354,1.1514,-14.60732984293194,-55.0,1498.1972619433077,904.8388738671929,97.77976749897023,324.9259274201962,0.16944444444444443,4.666666666666667
354,3.112,-14.60732984293194,-55.0,1498.1972619433077,904.8388738671929,97.77976749897023,324.9259274201962,0.0,0.0
355,0.2367,-13.664921465968591,-55.0,1614.1035193020357,976.5776100405492,139.7432985903099,330.95137429511243,0.2734124068168399,1028.0
355,1.1514,-13.664921465968591,-55.0,1614.1035193020357,976.5776100405492,139.7432985903099,330.95137429511243,0.11984126984126982,6.666666666666667
355,3.112,-13.664921465968591,-55.0,1614.1035193020357,976.5776100405492,139.7432985903099,330.95137429511243,0.0,0.08333333333333333
356,0.2367,-12.72251308900524,-55.0,1572.7701268391997,1104.4989709655056,184.34275513350016,330.425670573414,0.25668390415724,1033.8333333333333
356,1.1514,-12.72251308900524,-55.0,1572.7701268391997,1104.4989709655056,184.34275513350016,330.425670573414,0.1191408128908129,10.666666666666666
356,3.112,-12.72251308900524,-55.0,1572.7701268391997,1104.4989709655056,184.34275513350016,330.425670573414,0.0,0.4166666666666667
357,0.2367,-11.780104712041888,-55.0,1610.1982363342336,1087.3242705772282,227.97218311552334,313.95243135603806,0.25875042783471425,864.0
357,1.1514,-11.780104712041888,-55.0,1610.1982363342336,1087.3242705772282,227.97218311552334,313.95243135603806,0.1181421732202982,12.5
357,3.112,-11.780104712041888,-55.0,1610.1982363342336,1087.3242705772282,227.97218311552334,313.95243135603806,0.0,0.75
358,0.2367,-10.837696335078538,-55.0,1660.0774117230872,1102.0186001984985,275.9486605438148,288.70463593637703,0.2685803729828285,618.8333333333334
358,1.1514,-10.837696335078538,-55.0,1660.0774117230872,1102.0186001984985,275.9486605438148,288.70463593637703,0.12123544270320001,15.666666666666666
358,3.112,-10.837696335078538,-55.0,1660.0774117230872,1102.0186001984985,275.9486605438148,288.70463593637703,0.0,0.75
359,0.2367,-9.895287958115183,-55.0,1802.161156931169,1114.3556611074018,326.6599795963898,285.01715598851854,0.28113769732271804,528.25
359,1.1514,-9.895287958115183,-55.0,1802.161156931169,1114.3556611074018,326.6599795963898,285.01715598851854,0.1300859378839255,15.666666666666666
359,3.112,-9.895287958115183,-55.0,1802.161156931169,1114.3556611074018,326.6599795963898,285.01715598851854,0.0,1.0
360,0.2367,-8.952879581151834,-55.0,1961.3606861242165,1127.8383036280138,388.8119072049207,292.6694997348833,0.2755143479947309,443.4166666666667
360,1.1514,-8.952879581151834,-55.0,1961.3606861242165,1127.8383036280138,388.8119072049207,292.6694997348833,0.12681507174951182,17.583333333333332
360,3.112,-8.952879581151834,-55.0,1961.3606861242165,1127.8383036280138,388.8119072049207,292.6694997348833,0.0,1.4166666666666667
361,0.2367,-8.010471204188482,-55.0,2014.5786717731175,1082.7699949232374,430.18720235919614,267.71278929196313,0.2876598553257549,314.3333333333333
361,1.1514,-8.010471204188482,-55.0,2014.5786717731175,1082.7699949232374,430.18720235919614,267.71278929196313,0.12643520014843543,13.5
361,3.112,-8.010471204188482,-55.0,2014.5786717731175,1082.7699949232374,430.18720235919614,267.71278929196313,0.0069444444444444415,1.5
362,0.2367,-7.0680628272251305,-55.0,1931.6161019498954,1123.1614253922453,480.7325962817559,239.65819350845618,0.2732510268536929,214.41666666666666
362,1.1514,-7.0680628272251305,-55.0,1931.6161019498954,1123.1614253922453,480.7325962817559,239.65819350845618,0.1359997641247641,11.666666666666666
362,3.112,-7.0680628272251305,-55.0,1931.6161019498954,1123.1614253922453,480.7325962817559,239.65819350845618,0.0,1.0
363,0.2367,-6.12565445026178,-55.0,1805.435435419995,1138.6148969586793,519.721118183372,205.95383885101802,0.27804985157600376,131.66666666666666
363,1.1514,-6.12565445026178,-55.0,1805.435435419995,1138.6148969586793,519.721118183372,205.95383885101802,0.1486401949443745,11.333333333333334
363,3.112,-6.12565445026178,-55.0,1805.435435419995,1138.6148969586793,519.721118183372,205.95383885101802,0.0,0.8333333333333334
364,0.2367,-5.183246073298429,-55.0,1640.3105766350545,1223.487186114653,580.6391935593765,177.57251728985608,0.3963119310779904,98.08333333333333
364,1.1514,-5.183246073298429,-55.0,1640.3105766350545,1223.487186114653,580.6391935593765,177.57251728985608,0.1586260474418369,10.0
364,3.112,-5.183246073298429,-55.0,1640.3105766350545,1223.487186114653,580.6391935593765,177.57251728985608,0.0,0.5833333333333334
365,0.2367,-4.240837696335079,-55.0,1528.4551490201793,1158.7705304673,577.5443143799921,150.90788826794324,0.36218171478796385,71.5
365,1.1514,-4.240837696335079,-55.0,1528.4551490201793,1158.7705304673,577.5443143799921,150.90788826794324,0.16369765855059973,7.416666666666667
365,3.112,-4.240837696335079,-55.0,1528.4551490201793,1158.7705304673,577.5443143799921,150.90788826794324,0.0,0.25
366,0.2367,-3.298429319371728,-55.0,1424.5689647367496,1263.9524580416037,643.1294932208133,131.30389528554173,0.4413886327361402,50.916666666666664
366,1.1514,-3.298429319371728,-55.0,1424.5689647367496,1263.9524580416037,643.1294932208133,131.30389528554173,0.14351632164132164,5.0
366,3.112,-3.298429319371728,-55.0,1424.5689647367496,1263.9524580416037,643.1294932208133,131.30389528554173,0.041666666666666664,0.16666666666666666
367,0.2367,-2.356020942408377,-55.0,1540.5029840750187,1332.407978422707,691.6556837750476,117.62405338202102,0.3979218671626091,40.333333333333336
367,1.1514,-2.356020942408377,-55.0,1540.5029840750187,1332.407978422707,691.6556837750476,117.62405338202102,0.16301557239057238,3.8333333333333335
367,3.112,-2.356020942408377,-55.0,1540.5029840750187,1332.407978422707,691.6556837750476,117.62405338202102,0.027777777777777776,0.0
368,0.2367,-1.4136125654450262,-55.0,1144.7160004413686,1021.9969479521387,557.3530571595738,83.85536299835859,0.4898725698948458,20.083333333333332
368,1.1514,-1.4136125654450262,-55.0,1144.7160004413686,1021.9969479521387,557.3530571595738,83.85536299835859,0.18352411477411476,2.5
368,3.112,-1.4136125654450262,-55.0,1144.7160004413686,1021.9969479521387,557.3530571595738,83.85536299835859,0.05555555555555555,0.0
369,0.2367,-0.4712041884816754,-55.0,1060.0656450930182,761.4981118397437,416.44110780823394,64.25999898103974,0.3813922939621069,13.916666666666666
369,1.1514,-0.4712041884816754,-55.0,1060.0656450930182,761.4981118397437,416.44110780823394,64.25999898103974,0.15526695526695525,1.9166666666666667
369,3.112,-0.4712041884816754,-55.0,1060.0656450930182,761.4981118397437,416.44110780823394,64.25999898103974,0.041666666666666664,0.0
370,0.2367,0.4712041884816754,-55.0,1016.7723354092332,733.2787154594007,382.48154267341886,47.795850171573775,0.3961458728967509,9.166666666666666
370,1.1514,0.4712041884816754,-55.0,1016.7723354092332,733.2787154594007,382.48154267341886,47.795850171573775,0.17370777370777368,1.1666666666666667
370,3.112,0.4712041884816754,-55.0,1016.7723354092332,733.2787154594007,382.48154267341886,47.795850171573775,0.0,0.0
371,0.2367,1.4136125654450262,-55.0,966.7376946687564,875.6315761194855,434.9607843395182,36.07116819571916,0.4981546771392173,5.416666666666667
371,1.1514,1.4136125654450262,-55.0,966.7376946687564,875.6315761194855,434.9607843395182,36.07116819571916,0.1001221001221001,0.5833333333333334
371,3.112,1.4136125654450262,-55.0,966.7376946687564,875.6315761194855,434.9607843395182,36.07116819571916,0.0,0.0
372,0.2367,2.356020942408377,-55.0,1021.8130344882034,780.3366516071651,322.6879784117915,27.28433081636771,0.3746006644784668,2.8333333333333335
372,1.1514,2.356020942408377,-55.0,1021.8130344882034,780.3366516071651,322.6879784117915,27.28433081636771,0.0679563492063492,0.5833333333333334
372,3.112,2.356020942408377,-55.0,1021.8130344882034,780.3366516071651,322.6879784117915,27.28433081636771,0.0,0.0
373,0.2367,-14.60732984293194,-53.75,1477.2085652990509,900.0278002189589,88.00476469919359,296.5607154808522,0.30392797381887604,739.75
373,1.1514,-14.60732984293194,-53.75,1477.2085652990509,900.0278002189589,88.00476469919359,296.5607154808522,0.125,4.916666666666667
373,3.112,-14.60732984293194,-53.75,1477.2085652990509,900.0278002189589,88.00476469919359,296.5607154808522,0.0,0.0
374,0.2367,-13.664921465968591,-53.75,1453.130472396149,1052.672795743856,123.95101302395044,289.77395917773845,0.2929608596140077,764.6666666666666
374,1.1514,-13.664921465968591,-53.75,1453.130472396149,1052.672795743856,123.95101302395044,289.77395917773845,0.11855158730158728,5.916666666666667
374,3.112,-13.664921465968591,-53.75,1453.130472396149,1052.672795743856,123.95101302395044,289.77395917773845,0.0,0.08333333333333333
375,0.2367,-12.72251308900524,-53.75,1432.3832845871077,1136.6784174981876,176.45388694115405,290.38622483648317,0.27555079806357824,885.9166666666666
375,1.1514,-12.72251308900524,-53.75,1432.3832845871077,1136.6784174981876,176.45388694115405,290.38622483648317,0.12133190883190881,8.666666666666666
375,3.112,-12.72251308900524,-53.75,1432.3832845871077,1136.6784174981876,176.45388694115405,290.38622483648317,0.0,0.25
376,0.2367,-11.780104712041888,-53.75,1456.0739994712753,1157.8065429246635,224.98716021493246,257.9585573427116,0.2764591719501228,579.75
376,1.1514,-11.780104712041888,-53.75,1456.0739994712753,1157.8065429246635,224.98716021493246,257.9585573427116,0.10532106782106782,9.666666666666666
376,3.112,-11.780104712041888,-53.75,1456.0739994712753,1157.8065429246635,224.98716021493246,257.9585573427116,0.0,0.4166666666666667
377,0.2367,-10.837696335078538,-53.75,1576.2661662132869,1145.5569749875576,270.90509608793286,252.4233076594009,0.2588638254898903,444.6666666666667
377,1.1514,-10.837696335078538,-53.75,1576.2661662132869,1145.5569749875576,270.90509608793286,252.4233076594009,0.120195001077354,11.75
377,3.112,-10.837696335078538,-53.75,1576.2661662132869,1145.5569749875576,270.90509608793286,252.4233076594009,0.0,0.8333333333333334
378,0.2367,-9.895287958115183,-53.75,1743.4357883567131,1147.6407548849238,320.2465308813354,255.2635198194177,0.2857825210183,391.5833333333333
378,1.1514,-9.895287958115183,-53.75,1743.4357883567131,1147.6407548849238,320.2465308813354,255.2635198194177,0.12163880509468744,13.75
378,3.112,-9.895287958115183,-53.75,1743.4357883567131,1147.6407548849238,320.2465308813354,255.2635198194177,0.0,1.0
379,0.2367,-8.952879581151834,-53.75,1881.7513563315285,1181.0492135997629,384.45561798135236,250.1480087749158,0.2722090980974149,309.4166666666667
379,1.1514,-8.952879581151834,-53.75,1881.7513563315285,1181.0492135997629,384.45561798135236,250.1480087749158,0.12708212839791785,14.0
379,3.112,-8.952879581151834,-53.75,1881.7513563315285,1181.0492135997629,384.45561798135236,250.1480087749158,0.0,1.0833333333333333
380,0.2367,-8.010471204188482,-53.75,1920.2682461625636,1198.3316104923142,443.84475910428245,224.37768676908468,0.27617016021324414,203.08333333333334
380,1.1514,-8.010471204188482,-53.75,1920.2682461625636,1198.3316104923142,443.84475910428245,224.37768676908468,0.12717203139997257,10.25
380,3.112,-8.010471204188482,-53.75,1920.2682461625636,1198.3316104923142,443.84475910428245,224.37768676908468,0.0069444444444444415,1.3333333333333333
381,0.2367,-7.0680628272251305,-53.75,1868.47762828866,1148.7721599722863,472.8568440155357,192.07310089644426,0.25365352573829675,124.91666666666667
381,1.1514,-7.0680628272251305,-53.75,1868.47762828866,1148.7721599722863,472.8568440155357,192.07310089644426,0.1250180375180375,8.083333333333334
381,3.112,-7.0680628272251305,-53.75,1868.47762828866,1148.7721599722863,472.8568440155357,192.07310089644426,0.004166666666666667,1.1666666666666667
382,0.2367,-6.12565445026178,-53.75,1728.6140433167384,1117.606327156791,505.19421650285574,156.9624551258221,0.27469817292697485,78.0
382,1.1514,-6.12565445026178,-53.75,1728.6140433167384,1117.606327156791,505.19421650285574,156.9624551258221,0.1320169413919414,8.666666666666666
382,3.112,-6.12565445026178,-53.75,1728.6140433167384,1117.606327156791,505.19421650285574,156.9624551258221,0.0,0.6666666666666666
383,0.2367,-5.183246073298429,-53.75,1570.857524328028,1141.3392291244963,544.3461332239146,136.86450478180237,0.2819695356948246,52.5
383,1.1514,-5.183246073298429,-53.75,1570.857524328028,1141.3392291244963,544.3461332239146,136.86450478180237,0.1373715404965405,6.916666666666667
383,3.112,-5.183246073298429,-53.75,1570.857524328028,1141.3392291244963,544.3461332239146,136.86450478180237,0.0,0.25
384,0.2367,-4.240837696335079,-53.75,1406.1147764656898,1208.1848999363137,593.4306111532891,108.85000872762488,0.4153431955171987,34.583333333333336
384,1.1514,-4.240837696335079,-53.75,1406.1147764656898,1208.1848999363137,593.4306111532891,108.85000872762488,0.15937881562881562,5.083333333333333
384,3.112,-4.240837696335079,-53.75,1406.1147764656898,1208.1848999363137,593.4306111532891,108.85000872762488,0.0,0.25
385,0.2367,-3.298429319371728,-53.75,1297.2247943038442,1146.7475734365871,588.2401929505246,89.84087902680014,0.40141789527365307,22.833333333333332
385,1.1514,-3.298429319371728,-53.75,1297.2247943038442,1146.7475734365871,588.2401929505246,89.84087902680014,0.14009971509971508,3.4166666666666665
385,3.112,-3.298429319371728,-53.75,1297.2247943038442,1146.7475734365871,588.2401929505246,89.84087902680014,0.013888888888888883,0.0
386,0.2367,-2.356020942408377,-53.75,1169.730751798224,1164.7613735627965,612.5387021482329,65.72155445529673,0.48027264144225806,14.416666666666666
386,1.1514,-2.356020942408377,-53.75,1169.730751798224,1164.7613735627965,612.5387021482329,65.72155445529673,0.17916666666666667,1.9166666666666667
386,3.112,-2.356020942408377,-53.75,1169.730751798224,1164.7613735627965,612.5387021482329,65.72155445529673,0.013888888888888883,0.0
387,0.2367,-1.4136125654450262,-53.75,1024.1296179945944,989.4520912374719,531.2249014410316,44.17826528177426,0.4603272117938122,7.75
387,1.1514,-1.4136125654450262,-53.75,1024.1296179945944,989.4520912374719,531.2249014410316,44.17826528177426,0.12133838383838381,0.8333333333333334
387,3.112,-1.4136125654450262,-53.75,1024.1296179945944,989.4520912374719,531.2249014410316,44.17826528177426,0.0,0.0
388,0.2367,-0.4712041884816754,-53.75,928.9712747910836,726.0317116906299,388.5302173477905,31.795809453547534,0.40672337258858926,4.916666666666667
388,1.1514,-0.4712041884816754,-53.75,928.9712747910836,726.0317116906299,388.5302173477905,31.795809453547534,0.10071872571872571,0.75
388,3.112,-0.4712041884816754,-53.75,928.9712747910836,726.0317116906299,388.5302173477905,31.795809453547534,0.0,0.0
389,0.2367,0.4712041884816754,-53.75,839.9187232795961,651.8937513570995,343.6940084556415,21.68371594478819,0.4158096079841909,2.6666666666666665
389,1.1514,0.4712041884816754,-53.75,839.9187232795961,651.8937513570995,343.6940084556415,21.68371594478819,0.09417388167388167,0.4166666666666667
389,3.112,0.4712041884816754,-53.75,839.9187232795961,651.8937513570995,343.6940084556415,21.68371594478819,0.0,0.0
390,0.2367,1.4136125654450262,-53.75,789.8844292706025,658.6751829950936,326.4658572366671,12.727163917269678,0.4576800455335759,1.25
390,1.1514,1.4136125654450262,-53.75,789.8844292706025,658.6751829950936,326.4658572366671,12.727163917269678,0.11388888888888889,0.08333333333333333
390,3.112,1.4136125654450262,-53.75,789.8844292706025,658.6751829950936,326.4658572366671,12.727163917269678,0.0,0.0
391,0.2367,2.356020942408377,-53.75,776.2350579865855,609.6369329228173,265.59064202815534,9.143933981508999,0.27186006532949253,0.5
391,1.1514,2.356020942408377,-53.75,776.2350579865855,609.6369329228173,265.59064202815534,9.143933981508999,0.07916666666666666,0.08333333333333333
391,3.112,2.356020942408377,-53.75,776.2350579865855,609.6369329228173,265.59064202815534,9.143933981508999,0.0,0.0
392,0.2367,-13.664921465968591,-52.5,1414.5764192187867,871.5690921078203,86.68885426036188,249.92883037952316,0.3436818802427229,547.0
392,1.1514,-13.664921465968591,-52.5,1414.5764192187867,871.5690921078203,86.68885426036188,249.92883037952316,0.12916666666666668,5.333333333333333
392,3.112,-13.664921465968591,-52.5,1414.5764192187867,871.5690921078203,86.68885426036188,249.92883037952316,0.0,0.0
393,0.2367,-12.72251308900524,-52.5,1384.584005397341,1061.5180059047998,141.82207356827516,232.95338780377986,0.30568437718823327,513.75
393,1.1514,-12.72251308900524,-52.5,1384.584005397341,1061.5180059047998,141.82207356827516,232.95338780377986,0.11031746031746031,5.25
393,3.112,-12.72251308900524,-52.5,1384.584005397341,1061.5180059047998,141.82207356827516,232.95338780377986,0.0,0.0
394,0.2367,-11.780104712041888,-52.5,1439.6336015011643,1096.61497389141,186.16002707479737,210.93378232701377,0.2912240350597189,354.8333333333333
394,1.1514,-11.780104712041888,-52.5,1439.6336015011643,1096.61497389141,186.16002707479737,210.93378232701377,0.10277777777777776,5.583333333333333
394,3.112,-11.780104712041888,-52.5,1439.6336015011643,1096.61497389141,186.16002707479737,210.93378232701377,0.0,0.16666666666666666
395,0.2367,-10.837696335078538,-52.5,1560.8856143537225,1079.3714795960113,226.86301700092233,200.66894557926264,0.27052081499757047,289.0833333333333
395,1.1514,-10.837696335078538,-52.5,1560.8856143537225,1079.3714795960113,226.86301700092233,200.66894557926264,0.13608405483405484,6.416666666666667
395,3.112,-10.837696335078538,-52.5,1560.8856143537225,1079.3714795960113,226.86301700092233,200.66894557926264,0.0,0.4166666666666667
396,0.2367,-9.895287958115183,-52.5,1665.6565720278425,1155.4732099181274,293.0007810806102,201.37453784235962,0.2953601126464086,234.83333333333334
396,1.1514,-9.895287958115183,-52.5,1665.6565720278425,1155.4732099181274,293.0007810806102,201.37453784235962,0.13354377104377105,8.833333333333334
396,3.112,-9.895287958115183,-52.5,1665.6565720278425,1155.4732099181274,293.0007810806102,201.37453784235962,0.0,1.0
397,0.2367,-8.952879581151834,-52.5,1773.6027058206241,1175.421831960557,356.98938569223105,196.73785499291557,0.30403065026843196,169.83333333333334
397,1.1514,-8.952879581151834,-52.5,1773.6027058206241,1175.421831960557,356.98938569223105,196.73785499291557,0.13494769119769118,8.416666666666666
397,3.112,-8.952879581151834,-52.5,1773.6027058206241,1175.421831960557,356.98938569223105,196.73785499291557,0.0,1.0
398,0.2367,-8.010471204188482,-52.5,1822.6530766032292,1190.464817051834,419.8179772809738,176.9189728400287,0.2668321031662915,121.91666666666667
398,1.1514,-8.010471204188482,-52.5,1822.6530766032292,1190.464817051834,419.8179772809738,176.9189728400287,0.13213060088060088,5.5
398,3.112,-8.010471204188482,-52.5,1822.6530766032292,1190.464817051834,419.8179772809738,176.9189728400287,0.0,1.0
399,0.2367,-7.0680628272251305,-52.5,1776.587937465284,1194.8705676940153,471.94269019145264,134.69333400108243,0.262459993375906,60.666666666666664
399,1.1514,-7.0680628272251305,-52.5,1776.587937465284,1194.8705676940153,471.94269019145264,134.69333400108243,0.13636363636363635,3.75
399,3.112,-7.0680628272251305,-52.5,1776.587937465284,1194.8705676940153,471.94269019145264,134.69333400108243,0.0,0.4166666666666667
400,0.2367,-6.12565445026178,-52.5,1659.2586711257825,1190.9768926020479,515.2781117329216,105.76004811386088,0.254870633652637,36.333333333333336
400,1.1514,-6.12565445026178,-52.5,1659.2586711257825,1190.9768926020479,515.2781117329216,105.76004811386088,0.11897593147593145,3.5833333333333335
400,3.112,-6.12565445026178,-52.5,1659.2586711257825,1190.9768926020479,515.2781117329216,105.76004811386088,0.0,0.16666666666666666
401,0.2367,-5.183246073298429,-52.5,1510.3861090340106,1203.5731606394984,554.5796630577497,96.69563365996001,0.3667582521959914,26.333333333333332
401,1.1514,-5.183246073298429,-52.5,1510.3861090340106,1203.5731606394984,554.5796630577497,96.69563365996001,0.14426314426314424,4.666666666666667
401,3.112,-5.183246073298429,-52.5,1510.3861090340106,1203.5731606394984,554.5796630577497,96.69563365996001,0.0,0.0
402,0.2367,-4.240837696335079,-52.5,1422.4490979173688,1214.9423086937168,591.4827759079942,82.46946316070694,0.44577423821591794,17.416666666666668
402,1.1514,-4.240837696335079,-52.5,1422.4490979173688,1214.9423086937168,591.4827759079942,82.46946316070694,0.13378149628149627,3.5833333333333335
402,3.112,-4.240837696335079,-52.5,1422.4490979173688,1214.9423086937168,591.4827759079942,82.46946316070694,0.0,0.25
403,0.2367,-3.298429319371728,-52.5,1390.5494755502498,1175.3744838389684,593.4914422251309,65.66056753579957,0.3984341691256185,10.666666666666666
403,1.1514,-3.298429319371728,-52.5,1390.5494755502498,1175.3744838389684,593.4914422251309,65.66056753579957,0.12033730158730156,2.5
403,3.112,-3.298429319371728,-52.5,1390.5494755502498,1175.3744838389684,593.4914422251309,65.66056753579957,0.0,0.08333333333333333
404,0.2367,-2.356020942408377,-52.5,1199.9265113451,1204.6949434932321,631.49818548086,40.18249874954033,0.4671812128394308,5.25
404,1.1514,-2.356020942408377,-52.5,1199.9265113451,1204.6949434932321,631.49818548086,40.18249874954033,0.12129884004884005,0.75
404,3.112,-2.356020942408377,-52.5,1199.9265113451,1204.6949434932321,631.49818548086,40.18249874954033,0.0,0.0
405,0.2367,-1.4136125654450262,-52.5,1068.6382700031354,1152.1199720806908,610.156830008472,21.111322817193976,0.4450435910489286,2.0833333333333335
405,1.1514,-1.4136125654450262,-52.5,1068.6382700031354,1152.1199720806908,610.156830008472,21.111322817193976,0.12556332556332556,0.16666666666666666
405,3.112,-1.4136125654450262,-52.5,1068.6382700031354,1152.1199720806908,610.156830008472,21.111322817193976,0.0,0.0
406,0.2367,-0.4712041884816754,-52.5,925.6059880161333,830.2966899554303,441.74521409375683,13.733508242433253,0.4822272987207244,1.0833333333333333
406,1.1514,-0.4712041884816754,-52.5,925.6059880161333,830.2966899554303,441.74521409375683,13.733508242433253,0.06456228956228956,0.16666666666666666
406,3.112,-0.4712041884816754,-52.5,925.6059880161333,830.2966899554303,441.74521409375683,13.733508242433253,0.0,0.0
407,0.2367,0.4712041884816754,-52.5,873.6865161342992,664.2899676875459,352.3366856103615,9.757801857335883,0.35720729608638974,0.5
407,1.1514,0.4712041884816754,-52.5,873.6865161342992,664.2899676875459,352.3366856103615,9.757801857335883,0.07126623376623377,0.08333333333333333
407,3.112,0.4712041884816754,-52.5,873.6865161342992,664.2899676875459,352.3366856103615,9.757801857335883,0.0,0.0
408,0.2367,-8.952879581151834,-51.25,1693.5131103674598,1133.7580769037595,302.29643399637314,132.32389072803156,0.29847338930503026,74.58333333333333
408,1.1514,-8.952879581151834,-51.25,1693.5131103674598,1133.7580769037595,302.29643399637314,132.32389072803156,0.17638888888888885,2.5
408,3.112,-8.952879581151834,-51.25,1693.5131103674598,1133.7580769037595,302.29643399637314,132.32389072803156,0.0,1.0
409,0.2367,-8.010471204188482,-51.25,1763.5315525555395,1163.1274019560078,377.4914597765312,111.792409338737,0.2790006103871405,53.166666666666664
409,1.1514,-8.010471204188482,-51.25,1763.5315525555395,1163.1274019560078,377.4914597765312,111.792409338737,0.1880952380952381,1.3333333333333333
409,3.112,-8.010471204188482,-51.25,1763.5315525555395,1163.1274019560078,377.4914597765312,111.792409338737,0.0,0.6666666666666666
410,0.2367,-7.0680628272251305,-51.25,1741.2843943774262,1159.2615944590943,430.8960070588868,77.81374692059873,0.2803188907486598,24.25
410,1.1514,-7.0680628272251305,-51.25,1741.2843943774262,1159.2615944590943,430.8960070588868,77.81374692059873,0.13392857142857142,0.6666666666666666
410,3.112,-7.0680628272251305,-51.25,1741.2843943774262,1159.2615944590943,430.8960070588868,77.81374692059873,0.0,0.16666666666666666
411,0.2367,-5.183246073298429,-51.25,1634.377047807137,1051.7950694438332,475.0483046753883,62.15279024689729,0.38879769644351847,8.583333333333334
411,1.1514,-5.183246073298429,-51.25,1634.377047807137,1051.7950694438332,475.0483046753883,62.15279024689729,0.16960978835978835,2.0833333333333335
411,3.112,-5.183246073298429,-51.25,1634.377047807137,1051.7950694438332,475.0483046753883,62.15279024689729,0.0,0.08333333333333333
412,0.2367,-4.240837696335079,-51.25,1594.9510351062415,1066.458667818697,523.5334400432628,58.68490500254372,0.33444363221297896,6.083333333333333
412,1.1514,-4.240837696335079,-51.25,1594.9510351062415,1066.458667818697,523.5334400432628,58.68490500254372,0.14764309764309763,2.1666666666666665
412,3.112,-4.240837696335079,-51.25,1594.9510351062415,1066.458667818697,523.5334400432628,58.68490500254372,0.0,0.08333333333333333
413,0.2367,-3.298429319371728,-51.25,1479.8123173730057,1190.8545835330733,610.9824478562005,46.74735452586253,0.3943780540768494,4.083333333333333
413,1.1514,-3.298429319371728,-51.25,1479.8123173730057,1190.8545835330733,610.9824478562005,46.74735452586253,0.11577080327080326,1.5833333333333333
413,3.112,-3.298429319371728,-51.25,1479.8123173730057,1190.8545835330733,610.9824478562005,46.74735452586253,0.0,0.25
414,0.2367,-2.356020942408377,-51.25,1297.0162090944352,1228.0589192162734,653.0371758866719,23.137670338204117,0.4785539858478838,1.5
414,1.1514,-2.356020942408377,-51.25,1297.0162090944352,1228.0589192162734,653.0371758866719,23.137670338204117,0.10622710622710622,0.25
414,3.112,-2.356020942408377,-51.25,1297.0162090944352,1228.0589192162734,653.0371758866719,23.137670338204117,0.0,0.0
415,0.2367,-3.298429319371728,-50.0,1580.6983590048308,1208.6343250691425,594.9170697421298,25.17102573821771,0.39645739044714196,0.6666666666666666
415,1.1514,-3.298429319371728,-50.0,1580.6983590048308,1208.6343250691425,594.9170697421298,25.17102573821771,0.18472222222222223,0.5
415,3.112,-3.298429319371728,-50.0,1580.6983590048308,1208.6343250691425,594.9170697421298,25.17102573821771,0.0,0.08333333333333333
