node_id,lat,lon,threshold,prec,evap,in_degree,out_degree,clustering,ffl
0,-6.12565445026178,-78.75,0.2367,5.314737556399946,24.49815735745048,0.15414770107953205,1.891632087732465,0.0,0
1,-5.183246073298429,-78.75,0.2367,14.252897155393251,44.920803739490495,0.31344815063355724,5.728027050171893,0.0,0
2,-4.2408376963350785,-78.75,0.2367,27.751387403132167,43.93502948782621,0.4370787089693062,9.02371307578324,0.0,1
3,-3.298429319371728,-78.75,0.2367,26.03773867485828,32.93218625550075,0.4444033826527871,8.087689286788988,0.0,1
4,-2.356020942408377,-78.75,0.2367,27.615075696483192,69.57596107473364,0.7388670777736526,19.927491586183805,0.3333333333333333,9
5,-1.4136125654450262,-78.75,0.2367,35.52911155471425,57.6175918833178,0.933399552976733,25.240632286966488,0.43333333333333335,26
6,-8.952879581151834,-77.5,0.2367,2.806982019760258,34.27136449596152,0.16084933181916555,1.832177969054831,0.0,0
7,-8.010471204188482,-77.5,0.2367,5.622921264489527,39.512101381247966,0.26619752933627194,3.5843858188880615,0.0,0
8,-7.0680628272251305,-77.5,0.2367,11.167162358504587,37.57673968792912,0.40368241646728914,5.922931734349147,0.0,0
9,-6.12565445026178,-77.5,0.2367,11.845852569485237,31.978320671896494,0.616169202090988,3.624106950889018,0.0,0
10,-5.183246073298429,-77.5,0.2367,20.393648465355746,64.4076929203528,0.9809813328193092,7.55945372731826,0.0,1
11,-4.2408376963350785,-77.5,0.2367,29.708552276459578,84.2435225174443,1.4547196054551614,14.665907994237763,0.0,3
12,-3.298429319371728,-77.5,0.2367,49.07479671126989,37.228298914340215,1.5255238711132533,10.645674502786461,0.0,1
13,-2.356020942408377,-77.5,0.2367,70.47173515173242,51.463320620972944,2.355059251697617,19.766893086560167,0.4166666666666667,7
14,-1.4136125654450262,-77.5,0.2367,96.55726568646385,39.806260076694585,2.2819871704870285,21.795502765491538,0.3472222222222222,28
15,-0.4712041884816754,-77.5,0.2367,101.23669745470441,45.99924601674354,1.1983347180274755,34.67007927817757,0.32456140350877194,141
16,0.4712041884816754,-77.5,0.2367,69.3868421348518,44.935391263394145,0.7688241561047408,28.701044879378557,0.4090909090909091,68
17,-10.837696335078537,-76.25,0.2367,4.959689931096489,43.120653179586526,0.234295455951408,2.9188384156009772,0.0,0
18,-9.895287958115185,-76.25,0.2367,11.712158506563371,46.46773113776795,0.5990369066342445,6.155147318144978,0.0,1
19,-8.952879581151834,-76.25,0.2367,26.799394193988185,29.91869864299934,1.3248879967952871,8.076403750242788,0.0,1
20,-8.010471204188482,-76.25,0.2367,21.766464444137082,56.787573483845975,1.9232609620316845,9.535311346727724,0.0,2
21,-7.0680628272251305,-76.25,0.2367,21.1443121801381,54.12466259439119,1.9360818162454945,8.063292069271379,0.0,3
22,-6.12565445026178,-76.25,0.2367,20.54371991133581,34.0200384987762,2.086099887217555,4.6920605407301235,0.0,0
23,-5.183246073298429,-76.25,0.2367,18.58219822996524,88.29564690633246,2.7197060779033673,11.61555938261244,0.0,3
24,-4.2408376963350785,-76.25,0.2367,20.8623901293907,90.65107177919813,3.087389602484366,13.622280562822866,0.0,5
25,-3.298429319371728,-76.25,0.2367,27.582299734390563,91.82636435364498,3.5921554421697666,15.896747692680728,0.0,6
26,-2.356020942408377,-76.25,0.2367,34.1961721798562,93.10291721592449,4.370245375601628,17.902133082692472,0.21428571428571427,9
27,-1.4136125654450262,-76.25,0.2367,42.481671943973126,94.13137785296908,4.8195954171189745,17.772517590769315,0.32857142857142857,16
28,-0.4712041884816754,-76.25,0.2367,70.32258007390104,61.31497441294721,4.501349428149393,15.879474123283066,0.4444444444444444,12
29,0.4712041884816754,-76.25,0.2367,147.63125153249666,53.85310430143203,2.993331426241106,31.286564647967687,0.35714285714285715,182
30,1.4136125654450262,-76.25,0.2367,158.16630571964708,4.800799887196099,0.3429047972919692,4.160470847033816,0.0,0
31,-13.664921465968591,-75.0,0.2367,0.059486695842031256,7.242705931088321,0.022206678228695532,0.03957523556897422,0.0,0
32,-12.72251308900524,-75.0,0.2367,6.121077081680668,33.94909601971902,0.2747414735244365,3.1444160310788307,0.0,0
33,-11.780104712041888,-75.0,0.2367,13.29814000714573,47.536241297040675,0.7850747288580674,7.5182079220632225,0.3333333333333333,4
34,-10.837696335078537,-75.0,0.2367,31.915692954372744,35.6615097260851,2.918828234689803,12.778456718209966,0.2,6
35,-9.895287958115185,-75.0,0.2367,17.707616822474005,54.746438284234735,4.31738245820418,8.126928811293482,0.3333333333333333,1
36,-8.952879581151834,-75.0,0.2367,8.865843439142626,33.00045425509219,4.2735212937095,2.8329444291095935,0.5,0
37,-8.010471204188482,-75.0,0.2367,7.481789323847664,61.372563000711736,3.7697505858278384,4.9968282145399,0.0,0
38,-7.0680628272251305,-75.0,0.2367,10.683026879845645,83.8912347562937,3.3780486376580265,8.277893963899999,0.0,1
39,-6.12565445026178,-75.0,0.2367,15.717630846066516,85.60663605563549,3.3976271324173073,11.80890932229353,0.5,3
40,-5.183246073298429,-75.0,0.2367,25.904729248074496,85.96207629757639,3.8608999916029942,18.330308434787444,0.175,17
41,-4.2408376963350785,-75.0,0.2367,36.97718249142687,86.24583852917512,4.146284259363824,26.286208421554186,0.21710526315789475,48
42,-3.298429319371728,-75.0,0.2367,49.179010311058754,87.9661449646511,4.915568515172945,32.45488320368565,0.22916666666666666,98
43,-2.356020942408377,-75.0,0.2367,61.05493886910257,90.70097106471472,5.902943506597659,35.747795610378645,0.23066666666666666,172
44,-1.4136125654450262,-75.0,0.2367,77.48351722495221,90.93126711784161,6.462181888986524,39.064402862312676,0.26998491704374056,361
45,-0.4712041884816754,-75.0,0.2367,88.78514932164377,84.45429527102566,6.513032797082258,32.34449393868593,0.33866666666666667,212
46,0.4712041884816754,-75.0,0.2367,86.63192731747147,88.32402424096762,5.8384694404657465,25.076080439324745,0.36904761904761907,153
47,1.4136125654450262,-75.0,0.2367,128.35517476265935,21.07817641267748,2.5489006280242714,8.314987352192045,0.4166666666666667,3
48,2.356020942408377,-75.0,0.2367,180.80929573312352,3.8493112473064475,0.45400750005173945,2.4105839217015124,0.0,0
49,-14.607329842931941,-73.75,0.2367,0.2955600444301386,15.505361044016581,0.14869946495769135,0.27908290694011767,0.0,0
50,-13.664921465968591,-73.75,0.2367,7.923354179776387,43.97981701415419,0.875394074226125,3.3487180830311676,0.0,1
51,-12.72251308900524,-73.75,0.2367,20.403232604333407,54.087781698242935,1.7224445476826282,7.122978318041486,0.16666666666666666,6
52,-11.780104712041888,-73.75,0.2367,26.36255489004685,64.87238728557922,4.888776356696737,17.489347701856275,0.045454545454545456,20
53,-10.837696335078537,-73.75,0.2367,10.308667031857167,71.4422910675802,5.1811321351995225,4.778143501886097,0.16666666666666666,0
54,-9.895287958115185,-73.75,0.2367,7.092846659601819,79.09408424755506,5.03627521156127,4.700400546034383,0.5,0
55,-8.952879581151834,-73.75,0.2367,8.356399653571415,73.58286962699594,4.703231735274657,6.015835519656219,0.0,1
56,-8.010471204188482,-73.75,0.2367,10.261359851894301,57.93862278381264,4.146248871165615,7.129988697123304,0.0,1
57,-7.0680628272251305,-73.75,0.2367,13.519903382127884,65.90079885267845,3.942680173275811,9.418979828170404,0.0,2
58,-6.12565445026178,-73.75,0.2367,19.58784911917476,85.56073773439655,4.243106389520306,14.854072918041659,0.2,9
59,-5.183246073298429,-73.75,0.2367,26.632730613915278,84.12589181973038,4.743196663598697,17.121253145469765,0.19642857142857142,14
60,-4.2408376963350785,-73.75,0.2367,31.98536861061909,88.0121534775314,5.024172143649559,18.44834401697763,0.3333333333333333,21
61,-3.298429319371728,-73.75,0.2367,43.37587841881076,89.35861883836237,6.158501743555093,21.919370045135963,0.3241758241758242,50
62,-2.356020942408377,-73.75,0.2367,56.19662245420734,91.99495150665786,7.350273272020528,23.156287903246046,0.3190789473684211,60
63,-1.4136125654450262,-73.75,0.2367,81.13233884508772,79.5854997483273,8.144601255653885,26.502506586209563,0.33053691275167785,132
64,-0.4712041884816754,-73.75,0.2367,103.59233247613687,90.51957387749303,8.30451932081947,37.76594143477643,0.2820932134096484,606
65,0.4712041884816754,-73.75,0.2367,131.04850309048723,92.68244233703842,8.234469834199853,41.746346759925736,0.30254391278013326,945
66,1.4136125654450262,-73.75,0.2367,142.2714738697332,87.52750852141476,6.713706741870486,32.193351321896245,0.36674816625916873,566
67,-14.607329842931941,-72.5,0.2367,1.1185490715911381,25.778161243215735,0.612722657967962,0.645202866925513,0.0,0
68,-13.664921465968591,-72.5,0.2367,6.746057671421993,46.80457823772145,1.6275890448264072,2.971934061154434,0.0,1
69,-12.72251308900524,-72.5,0.2367,12.094897712559042,52.5255366525028,3.6381150006493845,6.005287121915162,0.0,4
70,-11.780104712041888,-72.5,0.2367,12.53236759680495,75.56110895358526,4.608450575191358,5.584201230119565,0.08333333333333333,1
71,-10.837696335078537,-72.5,0.2367,6.708229540817439,80.00381865100616,4.290993274128737,2.9673908868621934,0.0,0
72,-9.895287958115185,-72.5,0.2367,6.6867738743483525,81.00881341873901,4.1478058235729725,3.571480214818629,0.0,0
73,-8.952879581151834,-72.5,0.2367,6.615948386518733,72.39958392894313,4.138441726830195,4.810908288777855,0.0,0
74,-8.010471204188482,-72.5,0.2367,6.706880005885691,26.124507184455794,4.169631256455796,1.6807074795186407,0.0,0
75,-7.0680628272251305,-72.5,0.2367,9.078280417095241,39.023660365148956,4.270802785168661,3.247230090175222,0.0,0
76,-6.12565445026178,-72.5,0.2367,13.73523968929512,88.48426219239518,4.727417837549023,10.708340525842583,0.3333333333333333,3
77,-5.183246073298429,-72.5,0.2367,22.488061684114218,88.97674169721185,5.321857834765043,14.97441141878032,0.26666666666666666,6
78,-4.2408376963350785,-72.5,0.2367,31.78533697514965,79.39831515450797,5.822924424128858,15.14733558702055,0.39285714285714285,9
79,-3.298429319371728,-72.5,0.2367,42.685943771076495,90.55252501306482,7.248222585611552,18.071377798060343,0.3241758241758242,30
80,-2.356020942408377,-72.5,0.2367,59.78424476804677,87.46641461486345,8.547992698826786,19.926528039989204,0.35,58
81,-1.4136125654450262,-72.5,0.2367,85.55170545501728,92.85736987263935,9.90947344981944,27.331436848295787,0.32937365010799136,201
82,-0.4712041884816754,-72.5,0.2367,108.03808767188856,92.99393256628244,10.609548894762538,32.83251998318615,0.32408435072142067,434
83,0.4712041884816754,-72.5,0.2367,137.81013302699992,92.65768655598222,10.737379565916497,37.17406714749842,0.3280512474713419,809
84,1.4136125654450262,-72.5,0.2367,186.02313541554258,91.64398078153715,9.524732634004453,41.73299165464024,0.2841810545963602,1146
85,-14.607329842931941,-71.25,0.2367,2.0855311948549784,22.139291024756602,0.6852707583348195,0.6625172719182681,0.0,0
86,-13.664921465968591,-71.25,0.2367,10.30386437767351,56.502632509938984,2.3765946252841923,3.5470944624879586,0.5,1
87,-12.72251308900524,-71.25,0.2367,14.292088901390681,46.52458756341647,3.4302324105283244,5.406290198389871,0.5,0
88,-11.780104712041888,-71.25,0.2367,8.729267326335357,77.1598432593622,3.7544937382707735,3.3413684759578484,0.0,0
89,-10.837696335078537,-71.25,0.2367,5.014040578055934,77.9638433836707,3.431951941243157,1.8467163758322096,0.0,0
90,-9.895287958115185,-71.25,0.2367,4.72944920400322,78.14867267854697,3.428538501426854,2.2103531897044797,0.0,0
91,-8.952879581151834,-71.25,0.2367,5.1991381696013335,56.424555094443065,3.6383744390247172,2.0755380454655996,0.0,0
92,-8.010471204188482,-71.25,0.2367,6.642126376947172,11.563182881378014,3.999314823355693,0.6198023095695784,0.0,0
93,-7.0680628272251305,-71.25,0.2367,9.132829952162286,53.289965088347735,4.5342009096649445,3.558349534752912,0.0,0
94,-6.12565445026178,-71.25,0.2367,12.244459244290056,84.91628106107574,5.158368099506655,7.702668375980682,0.16666666666666666,2
95,-5.183246073298429,-71.25,0.2367,19.087899176491366,91.14494735142196,5.8808970448132785,10.511750422671243,0.3333333333333333,3
96,-4.2408376963350785,-71.25,0.2367,29.434956603995552,89.19049055050456,6.867713254851523,12.379879042501784,0.3472222222222222,9
97,-3.298429319371728,-71.25,0.2367,41.90769144075915,94.01036029783546,8.342595789992144,16.10747687171654,0.33974358974358976,23
98,-2.356020942408377,-71.25,0.2367,59.16703998134946,90.30127053486524,10.163716026627242,20.26377755610246,0.3194444444444444,65
99,-1.4136125654450262,-71.25,0.2367,80.7011321794666,97.35825538732156,11.87378883332591,26.543960398518553,0.3042168674698795,210
100,-0.4712041884816754,-71.25,0.2367,103.34989084993236,95.30854912867653,12.593548702816713,29.514023865955256,0.3220338983050847,357
101,0.4712041884816754,-71.25,0.2367,141.7445030370607,94.96119914139854,12.784403548536426,33.889481396327284,0.33135059482155355,671
102,1.4136125654450262,-71.25,0.2367,179.480423430288,82.06661110755358,10.980575512792418,33.42717080673034,0.37446808510638296,719
103,-13.664921465968591,-70.0,0.2367,19.485590871373798,58.36415354335344,2.5240332220297543,8.982003151778981,0.25,3
104,-12.72251308900524,-70.0,0.2367,14.087160015388154,40.39842877629866,3.520803072008261,3.32429381619837,0.3333333333333333,0
105,-11.780104712041888,-70.0,0.2367,5.5177016869005655,54.33023910705492,3.1524318389384747,1.4620618340890466,0.0,0
106,-10.837696335078537,-70.0,0.2367,4.819132320144458,35.82404279655191,2.9400738409750935,1.0391411680229234,0.0,0
107,-9.895287958115185,-70.0,0.2367,3.5954257429578997,61.95789482077403,3.11371608343148,1.759765281561555,0.0,0
108,-8.952879581151834,-70.0,0.2367,3.6739700273719933,34.03042126192255,3.3950387809424196,1.1215626378200543,0.0,0
109,-8.010471204188482,-70.0,0.2367,4.680794682343549,26.593520617723094,3.8877410854381824,0.9277448247532925,0.0,0
110,-7.0680628272251305,-70.0,0.2367,8.20992285266136,50.92948311306325,4.580235864297423,2.48813974751136,0.0,0
111,-6.12565445026178,-70.0,0.2367,11.24830229108569,90.70063278302051,5.408991087235722,5.8175490529708895,0.0,0
112,-5.183246073298429,-70.0,0.2367,17.58664790989821,91.11365832384432,6.37365623309359,8.508545581311244,0.16666666666666666,3
113,-4.2408376963350785,-70.0,0.2367,26.64052288538133,78.91518532548986,7.696315302673316,9.542390229137162,0.3333333333333333,3
114,-3.298429319371728,-70.0,0.2367,43.53068997197362,89.39177951944136,9.211644277796335,14.629710069440257,0.42727272727272725,15
115,-2.356020942408377,-70.0,0.2367,59.01569814599003,94.09866332155025,11.333940464995168,19.420879784950248,0.2742857142857143,70
116,-1.4136125654450262,-70.0,0.2367,76.2304309558834,95.6671098561894,13.226154099225933,22.504872041995142,0.3077571669477234,131
117,-0.4712041884816754,-70.0,0.2367,103.83314225727098,97.18338892073538,13.996178341755208,26.88680673908921,0.35564610011641445,286
118,0.4712041884816754,-70.0,0.2367,143.59243306530433,99.16776172937486,14.389453363500166,32.68807012655226,0.3164748637189582,682
119,1.4136125654450262,-70.0,0.2367,180.59504133485646,94.93330952288333,12.140255869783916,34.67960216678689,0.32381221719457015,842
120,-15.549738219895294,-68.75,0.2367,10.172695040456276,68.66090021379591,1.9137253558003218,7.510108046347926,0.25,7
121,-14.607329842931941,-68.75,0.2367,18.724336796837594,51.04095603450806,1.904816428887605,9.109146207772993,0.3333333333333333,1
122,-13.664921465968591,-68.75,0.2367,23.72527606338999,68.83277865705116,2.7399281963589086,9.98526766159122,0.3333333333333333,0
123,-12.72251308900524,-68.75,0.2367,5.380326763557196,64.66327201690746,2.9222481332030705,1.8534846876218802,0.0,0
124,-11.780104712041888,-68.75,0.2367,3.902627563302695,30.870333081182057,2.604622506610298,0.7175212126384475,0.0,0
125,-10.837696335078537,-68.75,0.2367,3.985834116669441,12.627705650820602,2.6597128704917465,0.3435773831177605,0.0,0
126,-9.895287958115185,-68.75,0.2367,3.2905001360095385,41.66541182889264,2.884702129629124,1.0345028567600925,0.0,0
127,-8.952879581151834,-68.75,0.2367,3.524758438369512,5.255462055745322,3.172818415602738,0.1222635691957836,0.0,0
128,-8.010471204188482,-68.75,0.2367,4.922209356783373,66.35439261877731,3.746575841753399,2.054769015656995,0.0,0
129,-7.0680628272251305,-68.75,0.2367,7.698036016878531,89.00949209426884,4.567476291970705,3.6580219742195217,0.0,0
130,-6.12565445026178,-68.75,0.2367,10.542115915593852,91.80588751895574,5.587367644969735,5.048997866202374,0.0,0
131,-5.183246073298429,-68.75,0.2367,16.19145590472382,91.7848641259554,6.795283806049428,7.941254782145997,0.0,1
132,-4.2408376963350785,-68.75,0.2367,27.960873358717095,93.02745280535981,8.21895064949239,12.163464185203004,0.1,8
133,-3.298429319371728,-68.75,0.2367,39.97685938994076,97.4380900732446,10.250250650824036,14.817651369113783,0.2857142857142857,20
134,-2.356020942408377,-68.75,0.2367,59.52704987424365,96.90417224760041,12.473983468161524,19.153902529962593,0.27166666666666667,60
135,-1.4136125654450262,-68.75,0.2367,80.47334483941067,99.69960310099489,14.375471330933099,21.46790256227864,0.3235294117647059,107
136,-0.4712041884816754,-68.75,0.2367,110.10274419845601,101.49570575710733,15.449001554170795,27.751878056454707,0.2806603773584906,401
137,0.4712041884816754,-68.75,0.2367,152.41081298373916,99.99703631289145,15.788015698956864,34.046359864496154,0.26919795221843,811
138,1.4136125654450262,-68.75,0.2367,207.89470364050888,97.83308930986964,14.48842204046138,39.885734853277725,0.25421644413211525,1066
139,2.356020942408377,-68.75,0.2367,252.90046451617744,91.33658095160568,10.46791031728126,36.00015916478,0.32324660633484165,861
140,-16.492146596858646,-67.5,0.2367,20.499335579771188,28.144449080946103,1.344352402847164,6.584991196675563,0.3333333333333333,1
141,-15.549738219895294,-67.5,0.2367,30.123691179627265,30.07463775324898,1.7250286771723222,8.276017376927516,0.5,0
142,-14.607329842931941,-67.5,0.2367,18.312331449665802,55.07431086075785,2.3816663243542253,4.652528447623725,0.0,0
143,-13.664921465968591,-67.5,0.2367,5.015621690049432,64.53219474022559,2.491702735891524,1.445012136059613,0.0,0
144,-12.72251308900524,-67.5,0.2367,2.5413347142887286,71.60685684674775,2.1697342390554653,1.6798039213357272,0.0,0
145,-11.780104712041888,-67.5,0.2367,3.40461450158376,70.34044302445086,2.2293431858249626,1.585735663782608,0.0,0
146,-10.837696335078537,-67.5,0.2367,3.2546503666839617,33.500333725862724,2.4860886785374623,0.448852698014285,0.0,0
147,-9.895287958115185,-67.5,0.2367,2.940666173722719,3.6450476256480973,2.71549928897426,0.050366039378937966,0.0,0
148,-8.952879581151834,-67.5,0.2367,3.3560022418407778,30.65742847612191,3.1307572033964473,0.5108050431270399,0.0,0
149,-8.010471204188482,-67.5,0.2367,5.083391506934582,84.1777618653453,3.6409552809620447,2.3970845112887993,0.0,0
150,-7.0680628272251305,-67.5,0.2367,6.831793402424625,74.52397531625948,4.548281382555593,2.5162748953595386,0.0,0
151,-6.12565445026178,-67.5,0.2367,7.086997321480247,89.52085261765511,5.64668585382635,3.421620854714339,0.0,0
152,-5.183246073298429,-67.5,0.2367,12.8016877779528,92.97317079160932,6.91661415840987,5.8413247484754045,0.0,1
153,-4.2408376963350785,-67.5,0.2367,22.1537394007051,93.29014176266931,8.558391893448631,8.419551435927538,0.16666666666666666,5
154,-3.298429319371728,-67.5,0.2367,34.716279870653096,93.45480319095594,10.757887485904096,11.09842816315424,0.2878787878787879,13
155,-2.356020942408377,-67.5,0.2367,53.36682178713828,99.60290231024284,13.162964765108379,15.331735356530498,0.33116883116883117,29
156,-1.4136125654450262,-67.5,0.2367,79.78618959167024,101.244142354262,15.121140910369041,19.87798297242545,0.32605042016806723,105
157,-0.4712041884816754,-67.5,0.2367,108.36522223536251,101.53640167053547,16.534305000888693,25.789792536192316,0.2601880877742947,319
158,0.4712041884816754,-67.5,0.2367,148.72244058578602,103.66496928003133,17.571194303730852,33.470809003641406,0.256947017413857,787
159,1.4136125654450262,-67.5,0.2367,208.931357244039,91.77760483719977,16.564013795693477,36.87612646599659,0.27296535052377113,865
160,2.356020942408377,-67.5,0.2367,298.60401979958584,72.27604270309249,12.994112371558545,33.228484551471766,0.33441769681197137,716
161,-18.376963350785346,-66.25,0.2367,6.974214436874305,23.78021029996505,0.29797520926431437,2.969402383628938,0.0,0
162,-17.434554973821996,-66.25,0.2367,18.88254314747638,32.73683268329897,0.9071294774823001,5.0585139489240785,0.0,0
163,-16.492146596858646,-66.25,0.2367,41.14931370184898,52.795578011860364,1.2601824691094436,22.013526725097847,0.032679738562091505,33
164,-15.549738219895294,-66.25,0.2367,19.860037505989872,68.84547995911615,1.8018717354189557,7.015443176102913,0.0,0
165,-14.607329842931941,-66.25,0.2367,5.215412083726082,73.87995959639431,1.8930293878700453,1.6790074964577466,0.0,0
166,-13.664921465968591,-66.25,0.2367,2.9866820608756526,34.085702032693476,0.8591405777708958,1.1468827468139846,0.0,0
167,-12.72251308900524,-66.25,0.2367,2.740271072706848,84.80226855666842,2.1459944539007885,1.171997071531307,0.0,0
168,-11.780104712041888,-66.25,0.2367,2.223545417932896,79.60637606593775,2.1365692164747694,0.7784562884605544,0.0,0
169,-10.837696335078537,-66.25,0.2367,2.2227396048971935,65.92097503220137,2.349904713394163,0.5680743205341412,0.0,0
170,-9.895287958115185,-66.25,0.2367,2.6071583056955046,54.181936189653705,2.680554603536732,0.6273194170154037,0.0,0
171,-8.952879581151834,-66.25,0.2367,3.9429491295757377,45.19332450537201,3.048638770251453,0.9231431792853965,0.0,0
172,-8.010471204188482,-66.25,0.2367,5.004227693731249,75.07063513166071,3.68557427196552,2.115081509429748,0.0,0
173,-7.0680628272251305,-66.25,0.2367,5.02543957941066,80.58612919478516,4.4896960240455615,2.469840736143525,0.0,0
174,-6.12565445026178,-66.25,0.2367,5.666645686530731,90.5021995709544,5.672212648216316,2.8398434381181197,0.0,0
175,-5.183246073298429,-66.25,0.2367,10.720528271847801,92.18814714094638,7.058675630992977,4.737696987592956,0.0,0
176,-4.2408376963350785,-66.25,0.2367,16.33087226629528,93.96225751991362,8.818303409513291,5.53808741047607,0.5,1
177,-3.298429319371728,-66.25,0.2367,30.73405755020021,92.65686599657221,11.01905754046238,8.83781839656527,0.38095238095238093,8
178,-2.356020942408377,-66.25,0.2367,48.948055464363875,101.20317812290838,13.715849812546448,12.702037123805383,0.3354978354978355,26
179,-1.4136125654450262,-66.25,0.2367,68.80519394959657,99.98686825681943,15.72184008187707,15.586211203576063,0.3497983870967742,61
180,-0.4712041884816754,-66.25,0.2367,97.8849411421459,93.39294578274622,17.28572371636718,19.007826748671484,0.34347826086956523,194
181,0.4712041884816754,-66.25,0.2367,136.2312994406076,92.34510324770397,18.28206941324682,25.290398256989455,0.322884012539185,407
182,1.4136125654450262,-66.25,0.2367,175.59621229329602,91.78178669829136,17.786200953601934,28.359309006564523,0.3365746549560853,559
183,2.356020942408377,-66.25,0.2367,246.7994268858621,94.7983464523397,15.10330736826169,30.631776060154237,0.32968277945619334,583
184,-18.376963350785346,-65.0,0.2367,14.029284504518543,40.81282435261619,0.43019589071445963,7.301049467686529,0.0,0
185,-17.434554973821996,-65.0,0.2367,27.202780648786074,20.98962021482357,0.7776844075158301,5.177502749568143,0.0,0
186,-16.492146596858646,-65.0,0.2367,22.16317411748095,63.382252776275365,1.1979121982123602,6.6239014805608045,0.0,0
187,-15.549738219895294,-65.0,0.2367,7.059347353523107,43.88974304818331,0.9021923993959867,2.1469600441029355,0.0,0
188,-14.607329842931941,-65.0,0.2367,3.6546671388623624,58.82798100505016,1.2086104124623527,1.131424351432917,0.0,0
189,-13.664921465968591,-65.0,0.2367,2.472158615134026,43.942182881537946,0.9338597630924781,0.6735298664769092,0.0,0
190,-12.72251308900524,-65.0,0.2367,2.1285732768918506,54.74950491043355,1.225028633233252,0.47826743788993287,0.0,0
191,-11.780104712041888,-65.0,0.2367,0.8664897745159506,69.27549514204381,1.8926567356465736,0.2706512918775632,0.0,0
192,-10.837696335078537,-65.0,0.2367,0.6307901134464062,43.2351876865348,2.1766000075851584,0.16469590439476012,0.0,0
193,-9.895287958115185,-65.0,0.2367,1.77220218923481,13.38128395111057,2.517612614251657,0.13747650289036378,0.0,0
194,-8.952879581151834,-65.0,0.2367,2.767602606780256,30.09211805535171,2.91800267810301,0.5922292555405312,0.0,0
195,-8.010471204188482,-65.0,0.2367,2.440854497596823,61.50629888145598,3.5503378458922024,1.178143176266224,0.0,0
196,-7.0680628272251305,-65.0,0.2367,2.1273760842482705,54.87591386929749,4.50163177929041,0.9017246581531534,0.0,0
197,-6.12565445026178,-65.0,0.2367,3.932061756341067,89.23985411688801,5.6702469172780825,1.9740497583368324,0.0,0
198,-5.183246073298429,-65.0,0.2367,8.836205037215677,57.85187600272369,7.207469677135447,2.376709411975285,0.0,0
199,-4.2408376963350785,-65.0,0.2367,17.128939986195846,57.73530864066918,9.130747791041955,3.297443667313176,0.0,0
200,-3.298429319371728,-65.0,0.2367,25.289345381447646,74.48316379665503,11.411166480418517,5.112652601131326,0.4666666666666667,1
201,-2.356020942408377,-65.0,0.2367,41.59346305046232,101.89174284952274,13.767477569960409,9.354356551081182,0.37083333333333335,13
202,-1.4136125654450262,-65.0,0.2367,68.1371029092488,99.68053531621214,16.18491401436935,14.866236620356386,0.33361344537815124,59
203,-0.4712041884816754,-65.0,0.2367,95.12348241322609,100.739395772337,18.569341336055334,17.623090805860183,0.3299319727891156,167
204,0.4712041884816754,-65.0,0.2367,139.19414360758748,97.90066428282896,19.521771877675757,22.43945915508055,0.31706604324956167,381
205,1.4136125654450262,-65.0,0.2367,178.4854665944001,103.60358765024426,19.90683602338379,25.009196831980958,0.34034833091436867,398
206,-20.261780104712045,-63.75,0.2367,6.514264489413813,6.990040485726096,0.0,0.2627974902333915,0.0,0
207,-19.319371727748695,-63.75,0.2367,7.52706221527014,21.947929765741005,0.36744995285333865,2.30735964978705,0.0,0
208,-18.376963350785346,-63.75,0.2367,12.044788070997095,27.304059245766734,0.4987853248876166,4.1562071711466455,0.0,0
209,-17.434554973821996,-63.75,0.2367,16.689291293647617,8.78709245410185,0.6075111470464424,1.1578395216860393,0.0,0
210,-16.492146596858646,-63.75,0.2367,10.321900790656432,38.265845718031386,0.651567473108378,2.6633727669429996,0.0,0
211,-15.549738219895294,-63.75,0.2367,5.081752928165371,44.8706420158045,0.813501995281384,0.9710921906910992,0.0,0
212,-14.607329842931941,-63.75,0.2367,3.0320854836966538,54.532188767953485,1.016249711681715,0.40031834822865836,0.0,0
213,-13.664921465968591,-63.75,0.2367,1.9170888122392988,64.99435298680591,1.212832003849384,0.30763779610648934,0.0,0
214,-12.72251308900524,-63.75,0.2367,1.3578594224056102,73.49282000204805,1.4649237130147765,0.19245535391018248,0.0,0
215,-11.780104712041888,-63.75,0.2367,0.8361686298514344,23.78894033209685,1.5896003260889198,0.09731154118802042,0.0,0
216,-10.837696335078537,-63.75,0.2367,1.8759185978850184,49.964720725741216,1.593071726533648,0.5749604476370642,0.0,0
217,-9.895287958115185,-63.75,0.2367,1.3527118970166638,12.908680496157613,2.36747054654715,0.15983998541210107,0.0,0
218,-8.952879581151834,-63.75,0.2367,0.7626367113826746,4.129800435943167,2.944193307471375,0.04885372179764187,0.0,0
219,-8.010471204188482,-63.75,0.2367,0.3520256667878283,18.744909569443923,3.440585976959187,0.19280081573385754,0.0,0
220,-7.0680628272251305,-63.75,0.2367,0.21136920120706648,31.627853643104007,4.301798433982435,0.22884525849958087,0.0,0
221,-6.12565445026178,-63.75,0.2367,1.8927701810583892,81.31927344669836,5.780622437510762,1.071744555930517,0.0,0
222,-5.183246073298429,-63.75,0.2367,7.243447487023318,82.55367566493761,7.187424452237333,2.4701088782014886,0.0,0
223,-4.2408376963350785,-63.75,0.2367,14.992952400892348,40.446903959094634,9.457569598959928,1.6865423709498424,0.0,0
224,-3.298429319371728,-63.75,0.2367,22.366207891272513,97.66805337740831,11.479110245688283,5.406264211293861,0.0,3
225,-2.356020942408377,-63.75,0.2367,38.155454157473436,95.71500305145962,13.678047800481089,8.51321037402327,0.3409090909090909,13
226,-1.4136125654450262,-63.75,0.2367,66.49123624943036,98.591980855569,16.719246432931826,13.94144489599038,0.3079268292682927,54
227,-0.4712041884816754,-63.75,0.2367,96.01865618175579,104.93809201936602,19.959577750901094,17.081923757264427,0.33098039215686276,151
228,0.4712041884816754,-63.75,0.2367,141.58631745334043,101.8736897146707,20.99629722463804,21.170348517460244,0.3080380750925436,342
229,1.4136125654450262,-63.75,0.2367,197.6813807349619,86.82275637895532,20.558367302602107,20.19433446701122,0.3563265306122449,311
230,3.298429319371728,-63.75,0.2367,292.95482958156737,109.22530444602734,9.619750648412694,30.84851414688318,0.33465608465608465,223
231,-19.319371727748695,-62.5,0.2367,5.413083579466229,16.753430671853792,0.28257262033399766,1.2043661636090897,0.0,0
232,-18.376963350785346,-62.5,0.2367,7.921219647236352,6.557751518590239,0.26703724663286194,0.8576464511232864,0.0,0
233,-17.434554973821996,-62.5,0.2367,9.929153425233617,3.8000764871307715,0.2719134143017131,0.34008608568523807,0.0,0
234,-16.492146596858646,-62.5,0.2367,8.74389360668207,24.741855757934182,0.42915975969373316,1.000528477839101,0.0,0
235,-15.549738219895294,-62.5,0.2367,7.109290441331419,19.64959803489684,0.4678151691631022,0.4977979991255357,0.0,0
236,-14.607329842931941,-62.5,0.2367,3.2912132615472522,42.67164431915951,0.7290116049802905,0.3170858856009776,0.0,0
237,-13.664921465968591,-62.5,0.2367,1.8190824227127378,69.57148682084492,1.1721240571526146,0.19876856929360337,0.0,0
238,-12.72251308900524,-62.5,0.2367,0.9444627051179852,74.97019357845075,1.4161244836614708,0.13955108286629878,0.0,0
239,-11.780104712041888,-62.5,0.2367,1.5565791442070642,29.563492908114515,1.4700392087168255,0.23420343167303517,0.0,0
240,-10.837696335078537,-62.5,0.2367,1.0503087552405173,39.948288304948946,1.7248828392941165,0.3725495983170998,0.0,0
241,-9.895287958115185,-62.5,0.2367,0.30238593731713825,0.8983547936523546,1.9663519720749751,0.006252302001031066,0.0,0
242,-8.952879581151834,-62.5,0.2367,-0.48851413199328475,14.945766022775345,2.895976145018751,0.05244299547051438,0.0,0
243,-8.010471204188482,-62.5,0.2367,-0.6140212304397574,23.009131743128414,3.506422546593668,0.08762726873820902,0.0,0
244,-7.0680628272251305,-62.5,0.2367,-0.45298031238626757,10.21868824376629,4.556127391567266,0.04468684524167419,0.0,0
245,-6.12565445026178,-62.5,0.2367,1.1539869180753013,34.050115383269,5.880279300437603,0.31086281740711796,0.0,0
246,-5.183246073298429,-62.5,0.2367,5.591437771147588,88.02806005158105,7.505447973926358,1.8982076975532916,0.0,0
247,-4.2408376963350785,-62.5,0.2367,14.163117201278668,41.30735496351054,9.990275335898152,1.605281556710999,0.0,0
248,-3.298429319371728,-62.5,0.2367,19.92408377122723,90.9846679003924,11.806880503045871,4.633370009362334,0.0,1
249,-2.356020942408377,-62.5,0.2367,34.08267330657646,88.73768610757821,14.166294510193588,7.411869449130609,0.30303030303030304,11
250,-1.4136125654450262,-62.5,0.2367,61.119189913444785,59.452190368236266,17.58834148500757,7.45350643865765,0.4,10
251,-0.4712041884816754,-62.5,0.2367,96.6148586966022,96.65165816108748,20.02213242813471,16.49257667629102,0.299812030075188,138
252,0.4712041884816754,-62.5,0.2367,157.87325514670846,98.80347260116295,22.127679870780756,21.619120624505925,0.28365384615384615,268
253,1.4136125654450262,-62.5,0.2367,229.12580489910263,72.70237462042054,22.193002599317147,19.394282736242175,0.34705882352941175,246
254,2.356020942408377,-62.5,0.2367,286.63012920288156,95.12479135328151,19.001638095470955,24.999747302357303,0.34977827050997784,202
255,3.298429319371728,-62.5,0.2367,312.14351092458816,114.4450672869857,16.551265812795318,30.189912956893473,0.3493827160493827,150
256,-18.376963350785346,-61.25,0.2367,6.730563107425838,23.351259896238492,0.2533237210987276,1.4615600745718567,0.0,0
257,-17.434554973821996,-61.25,0.2367,8.919862517980912,14.68199298444406,0.2860262112752224,0.6391954600935619,0.0,0
258,-16.492146596858646,-61.25,0.2367,9.48110384531464,18.58922641204898,0.3570324263029509,0.44640537224237736,0.0,0
259,-15.549738219895294,-61.25,0.2367,7.328670800636119,15.96431001242012,0.44378447677125,0.18019939522525583,0.0,0
260,-14.607329842931941,-61.25,0.2367,3.2739693979479907,52.66544438959314,0.8697311630181347,0.22896181047265474,0.0,0
261,-13.664921465968591,-61.25,0.2367,1.5678145039089473,70.22184519297791,1.1660964702790342,0.17588872369591255,0.0,0
262,-12.72251308900524,-61.25,0.2367,1.3439387877022464,18.229621229770064,1.3738914975620964,0.08432165632095132,0.0,0
263,-11.780104712041888,-61.25,0.2367,0.8587559501859057,13.543480178037669,1.471731638681156,0.10215744868944707,0.0,0
264,-10.837696335078537,-61.25,0.2367,0.10562270819887332,36.94274137532318,1.8021239275603438,0.1517446896942926,0.0,0
265,-9.895287958115185,-61.25,0.2367,-0.5290285694481098,22.421007099407124,2.435904452444689,0.04335739934063103,0.0,0
266,-8.952879581151834,-61.25,0.2367,-0.8692300434412609,23.467273798159376,2.8745839420159855,0.014564967929380262,0.0,0
267,-8.010471204188482,-61.25,0.2367,-0.9673189505232681,20.72706311960303,3.583557250854001,0.021531470782507254,0.0,0
268,-7.0680628272251305,-61.25,0.2367,-0.6047930560268219,53.420223449138604,4.481780246790187,0.16063185859653922,0.0,0
269,-6.12565445026178,-61.25,0.2367,0.22631802829813585,46.59752634350352,6.005745079886403,0.24289589263694622,0.0,0
270,-5.183246073298429,-61.25,0.2367,4.22903061157331,36.475722317289254,7.703710705908249,0.6560404016343563,0.0,0
271,-4.2408376963350785,-61.25,0.2367,9.925796656929814,9.15161483953736,9.497205944515525,0.27900320891353186,0.0,0
272,-3.298429319371728,-61.25,0.2367,14.253203226752639,31.832853917227304,12.40991083361822,1.1303253024756326,0.0,0
273,-2.356020942408377,-61.25,0.2367,23.274040455104917,93.98769969560102,14.817020856099395,5.129250208795142,0.3392857142857143,4
274,-1.4136125654450262,-61.25,0.2367,44.57854601439475,67.30730412978068,17.45398623314181,6.612998309060798,0.39080459770114945,9
275,-0.4712041884816754,-61.25,0.2367,83.27775100521438,60.84868472039549,20.101983829994428,8.96702678637183,0.39424141749723146,39
276,0.4712041884816754,-61.25,0.2367,158.19723475534627,63.372107728694154,22.48606162928212,13.328172317084137,0.3457912457912458,156
277,1.4136125654450262,-61.25,0.2367,239.81019825411352,48.59407526935266,23.612444565175178,12.542117790940218,0.38266384778012685,114
278,2.356020942408377,-61.25,0.2367,290.1290711844242,9.485352013575566,21.92119583999674,2.1975948594310335,0.42724867724867727,7
279,3.298429319371728,-61.25,0.2367,292.3378677715416,81.09895822026641,21.229893140522016,14.53167577918071,0.376657824933687,73
280,4.2408376963350785,-61.25,0.2367,257.8316719885227,89.7970439542426,10.190658067694308,13.342884099329167,0.474025974025974,33
281,-15.549738219895294,-60.0,0.2367,7.817518341915082,29.321014755614048,0.39008687746113635,0.4465233134709662,0.0,0
282,-14.607329842931941,-60.0,0.2367,2.724045960877767,34.85562837661244,0.8868545490254195,0.14262180558376025,0.0,0
283,-13.664921465968591,-60.0,0.2367,1.1231114631134893,24.264925327983715,1.1251023623523646,0.08436790976935377,0.0,0
284,-12.72251308900524,-60.0,0.2367,0.8319184819683871,32.96177294072485,1.2855625208108457,0.18344873702655057,0.0,0
285,-11.780104712041888,-60.0,0.2367,0.14615935335616648,65.98748776163814,1.6602373795286718,0.2554612282141501,0.0,0
286,-10.837696335078537,-60.0,0.2367,-0.3487598428605318,79.97388849318,1.98448705200142,0.15177557090228827,0.0,0
287,-9.895287958115185,-60.0,0.2367,-0.7799706227674068,33.709189834299416,2.486080415244838,0.023358280799629857,0.0,0
288,-8.952879581151834,-60.0,0.2367,-0.983033743370443,19.588246194675566,3.0419511481181045,0.004364218039866039,0.0,0
289,-8.010471204188482,-60.0,0.2367,-1.00463971474512,47.669034809952294,3.742094345554277,0.02568715679320252,0.0,0
290,-7.0680628272251305,-60.0,0.2367,-0.8228987377568655,4.830001043156842,4.764892444169669,0.006134094725954719,0.0,0
291,-6.12565445026178,-60.0,0.2367,0.10185142702293515,27.285798438652865,6.111716230386352,0.08782956114220117,0.0,0
292,-5.183246073298429,-60.0,0.2367,1.5335428531893767,37.25623952576062,7.941144587498003,0.25911395124787,0.0,0
293,-4.2408376963350785,-60.0,0.2367,5.959960520555995,5.501374359772052,10.01236172152623,0.12627587045579175,0.0,0
294,-3.298429319371728,-60.0,0.2367,11.175338991297075,11.180465393215352,13.36441175605086,0.33003897931506815,0.0,0
295,-2.356020942408377,-60.0,0.2367,15.763245099680718,2.693388483276847,14.104399983198332,0.11422254289178414,0.4166666666666667,0
296,-1.4136125654450262,-60.0,0.2367,30.68384256428247,29.25109439021278,16.899074623889753,1.921145849886397,0.477124183006536,0
297,-0.4712041884816754,-60.0,0.2367,69.94404900248553,86.63262842183241,20.708570513244048,10.162775663693619,0.34122448979591835,87
298,0.4712041884816754,-60.0,0.2367,144.01290417515662,89.30508829688534,23.78857712968764,15.292587823033518,0.32205513784461154,115
299,1.4136125654450262,-60.0,0.2367,245.31388898588315,13.067690475940179,23.82673589767565,2.6305456405399243,0.4344086021505376,1
300,2.356020942408377,-60.0,0.2367,317.3376816218466,49.70899237750094,21.723328144508844,8.434434741281564,0.39849624060150374,59
301,3.298429319371728,-60.0,0.2367,322.9654733002321,98.57127846156453,22.964638671454598,10.803993919481407,0.3930885529157667,51
302,4.2408376963350785,-60.0,0.2367,297.8749649216491,109.98487781807147,19.504942051333266,8.785189367938578,0.4223300970873786,17
303,5.183246073298429,-60.0,0.2367,283.47794129138043,109.53340142054758,9.941413748591884,6.249462480840708,0.5357142857142857,4
304,-13.664921465968591,-58.75,0.2367,1.0983538100062984,36.1520230933312,0.5684929874735684,0.2728368264016758,0.0,0
305,-12.72251308900524,-58.75,0.2367,0.5793015505802568,74.85868357538203,1.3241206332685378,0.3340326775497492,0.0,0
306,-11.780104712041888,-58.75,0.2367,0.024279519175036346,53.93707020756069,1.6809186535209444,0.12224579591306087,0.0,0
307,-10.837696335078537,-58.75,0.2367,-0.5097583959854581,12.12748344126182,2.054463026729414,0.012746584215638854,0.0,0
308,-9.895287958115185,-58.75,0.2367,-0.8129721873631669,5.852875294910397,2.5739179585824448,0.002080003296911205,0.0,0
309,-8.952879581151834,-58.75,0.2367,-0.7284264084316092,17.40422873206883,3.0803125250481247,0.005877092475680599,0.0,0
310,-8.010471204188482,-58.75,0.2367,-0.6657489454193101,64.05577170087898,3.6787635585965632,0.02975400996943539,0.0,0
311,-7.0680628272251305,-58.75,0.2367,-0.741114862834468,6.060157710092712,4.803177698345728,0.004472200916368783,0.0,0
312,-6.12565445026178,-58.75,0.2367,-0.4952586850519203,65.10034001381035,6.13157387141228,0.04658152773792961,0.0,0
313,-5.183246073298429,-58.75,0.2367,0.5724246753889934,92.75823588349607,7.850170367062116,0.3542041073004095,0.0,0
314,-4.2408376963350785,-58.75,0.2367,3.986259828932363,45.350790107395504,10.333522685697492,0.7118757903948905,0.0,0
315,-3.298429319371728,-58.75,0.2367,9.747395298047131,12.243159128483294,13.778387313886551,0.31853687222684246,0.0,0
316,-2.356020942408377,-58.75,0.2367,14.27456656860119,26.382502922797315,14.564195921435969,0.9019809379730004,0.0,0
317,-1.4136125654450262,-58.75,0.2367,27.293177932429444,85.3433974210756,17.462020039293048,4.3634823265788425,0.4675324675324675,5
318,-0.4712041884816754,-58.75,0.2367,61.82135155652465,97.19051872324447,21.271449983601794,9.857871326046965,0.3516156462585034,66
319,0.4712041884816754,-58.75,0.2367,146.67676985262062,102.34858528143494,24.75240848376558,17.690283088648172,0.31363636363636366,88
320,-13.664921465968591,-57.5,0.2367,0.9853977093186005,53.76083666122182,0.8653780419311906,0.3182125151465423,0.0,0
321,-12.72251308900524,-57.5,0.2367,0.5222825481407127,65.2538973862245,1.297002330858059,0.22733614118295756,0.0,0
322,-11.780104712041888,-57.5,0.2367,0.10410881911316128,21.02458230969262,1.747137667807235,0.04648738231845342,0.0,0
323,-10.837696335078537,-57.5,0.2367,-0.029601190112903852,21.86241573439359,2.15419767338817,0.05746280725179431,0.0,0
324,-9.895287958115185,-57.5,0.2367,-0.14790196894648133,2.7005342941878423,2.700858598831213,0.005454571988265673,0.0,0
325,-8.952879581151834,-57.5,0.2367,-0.19014508666807262,32.8208493843289,3.271498555971485,0.04714252904940382,0.0,0
326,-8.010471204188482,-57.5,0.2367,-0.4592905470388807,37.10306514482214,3.796488632347667,0.027950014527964258,0.0,0
327,-7.0680628272251305,-57.5,0.2367,-0.6268742695195255,66.10600459496835,4.9804880222383545,0.07966674968771502,0.0,0
328,-6.12565445026178,-57.5,0.2367,-0.8758812769320503,18.28808791680812,6.6271849246748555,0.015713121029878742,0.0,0
329,-5.183246073298429,-57.5,0.2367,-0.555321003246295,60.62220116019646,8.524275489666039,0.12817595643073437,0.0,0
330,-4.2408376963350785,-57.5,0.2367,1.5533444693446632,38.08192242812143,10.09920979288103,0.34961810793401676,0.0,0
331,-3.298429319371728,-57.5,0.2367,5.454553212990156,47.07698017055974,13.333921944482983,0.990591908892764,0.0,0
332,-2.356020942408377,-57.5,0.2367,12.275188725007313,52.780525162749534,16.639206078959205,1.4723810843657579,0.5333333333333333,0
333,-1.4136125654450262,-57.5,0.2367,22.606205695013802,89.95832994493789,18.386714744001022,3.889575938169521,0.43538461538461537,3
334,-0.4712041884816754,-57.5,0.2367,51.90539783665463,62.04328478867326,21.648943481429907,5.00029181637059,0.43018018018018017,12
335,0.4712041884816754,-57.5,0.2367,110.98242824823623,67.09567865571802,25.33773993442297,8.958779776878005,0.36181972789115646,53
336,1.4136125654450262,-57.5,0.2367,181.5602582838591,55.728613932367736,24.4407469017074,8.792639059586547,0.39207317073170733,41
337,-13.664921465968591,-56.25,0.2367,1.2470803146496685,27.078589230165882,0.7911341747517477,0.18620321762404263,0.0,0
338,-12.72251308900524,-56.25,0.2367,0.7010754926189982,41.056969114743815,1.225052605017564,0.11856776470147595,0.0,0
339,-11.780104712041888,-56.25,0.2367,0.7302893874760148,9.449657695680104,1.7067342335438607,0.03927135271927372,0.0,0
340,-10.837696335078537,-56.25,0.2367,0.5291572714225328,25.45548448086833,2.255314114522689,0.11710054226843482,0.0,0
341,-9.895287958115185,-56.25,0.2367,0.3903990141955751,0.5279525590240302,2.7510400023641313,0.0020450000018212497,0.0,0
342,-8.952879581151834,-56.25,0.2367,-0.050480257542500184,61.4755684807987,3.2993919099035205,0.16839761178118032,0.0,0
343,-8.010471204188482,-56.25,0.2367,-0.6283948739784107,51.82797978852539,4.129683304452092,0.07737230445402915,0.0,0
344,-7.0680628272251305,-56.25,0.2367,-0.8329113722786908,27.583547127948425,5.218560937610935,0.027850232011523486,0.0,0
345,-6.12565445026178,-56.25,0.2367,-1.2097945259781135,21.159820495149262,6.9859335988998605,0.015509381433709217,0.0,0
346,-5.183246073298429,-56.25,0.2367,-1.6295853921934589,19.567905877996484,8.769898571961134,0.01702275809118153,0.0,0
347,-4.2408376963350785,-56.25,0.2367,-0.8442258343797828,27.48688557522858,10.4771597912622,0.08655590642929864,0.0,0
348,-3.298429319371728,-56.25,0.2367,2.1074672195383073,27.699025431234723,12.475947615162507,0.26213332072968765,0.0,0
349,-2.356020942408377,-56.25,0.2367,8.249358416822792,51.609149491578215,18.103934971552373,0.8616676566542267,0.5128205128205128,0
350,-1.4136125654450262,-56.25,0.2367,14.425002816707185,49.54114539361241,19.471244842187538,1.2544736499331355,0.45692307692307693,0
351,-0.4712041884816754,-56.25,0.2367,30.68914164658097,64.96177842510646,19.482572698274584,3.039341536748363,0.4669312169312169,5
352,0.4712041884816754,-56.25,0.2367,65.34352073578914,69.90269751754082,22.388453435733773,5.25228202691891,0.40215924426450744,18
353,1.4136125654450262,-56.25,0.2367,111.41893485772665,98.01911371945185,24.915138766901237,8.81165654762904,0.40327169274537694,23
354,-14.607329842931941,-55.0,0.2367,2.7635592096120285,41.21126750578825,0.6653821417465577,0.9616902176483384,0.0,0
355,-13.664921465968591,-55.0,0.2367,1.3312394004370254,52.03044560411211,0.8815696768344684,0.23318972912878785,0.0,0
356,-12.72251308900524,-55.0,0.2367,1.0368895214211502,21.924719157951934,1.4168944583525596,0.09736274878956326,0.0,0
357,-11.780104712041888,-55.0,0.2367,0.6491652630283116,1.6953054440607214,1.764880642357921,0.007181276899421926,0.0,0
358,-10.837696335078537,-55.0,0.2367,0.39124785729878164,2.4367371874406216,2.243295728204697,0.010326707529493707,0.0,0
359,-9.895287958115185,-55.0,0.2367,0.39544150702207315,5.787293422788221,2.790099791513725,0.028523526044085097,0.0,0
360,-8.952879581151834,-55.0,0.2367,-0.34089287384346434,54.79181249961747,3.5273775663745073,0.16451133978343097,0.0,0
361,-8.010471204188482,-55.0,0.2367,-0.9718934055538943,10.692667980957317,4.52574501899047,0.01085051016416899,0.0,0
362,-7.0680628272251305,-55.0,0.2367,-1.2098680976050888,18.870793289491758,5.6931635165644465,0.012056237168515817,0.0,0
363,-6.12565445026178,-55.0,0.2367,-1.5136746199928608,29.505948973288167,7.185260301601451,0.011195292399480595,0.0,0
364,-5.183246073298429,-55.0,0.2367,-1.7545618461243842,35.11732824102431,8.703883078031494,0.010262278084027595,0.0,0
365,-4.2408376963350785,-55.0,0.2367,-1.273233758852196,7.374339902423638,10.223150021388989,0.008734475353187079,0.0,0
366,-3.298429319371728,-55.0,0.2367,0.4270319607487112,10.825264138909215,13.128670135661546,0.04356613878782264,0.0,0
367,-2.356020942408377,-55.0,0.2367,10.172908125530409,26.62449050154474,16.98842715295667,0.33976554348183974,0.5476190476190477,0
368,-1.4136125654450262,-55.0,0.2367,14.337381066328117,27.91012094182936,15.404653164821578,0.5485984940690237,0.5,0
369,-0.4712041884816754,-55.0,0.2367,31.528394060155748,68.97558450743107,17.228303668230073,2.135317114892013,0.47035573122529645,4
370,0.4712041884816754,-55.0,0.2367,49.13681434464495,72.96943395442,19.55284311349942,2.680974725950395,0.44516129032258067,5
371,1.4136125654450262,-55.0,0.2367,71.26400843848299,87.5240725060615,20.41967427318901,3.7432108394310672,0.44482758620689655,5
372,2.356020942408377,-55.0,0.2367,107.46342875909318,86.75951070398305,17.6937859675089,4.658513012724124,0.4329710144927536,5
373,-14.607329842931941,-53.75,0.2367,2.1207521737361565,50.14948979923934,0.682849837937183,0.5195898542012469,0.0,0
374,-13.664921465968591,-53.75,0.2367,1.1376423458653828,70.35107259425433,1.1993297880969205,0.220185444141647,0.0,0
375,-12.72251308900524,-53.75,0.2367,0.7517477806856769,30.720689608046605,1.5790822623380627,0.13212616496402083,0.0,0
376,-11.780104712041888,-53.75,0.2367,0.3740792552746217,47.1274712735579,1.9283898274766593,0.18348821020567524,0.0,0
377,-10.837696335078537,-53.75,0.2367,0.18795217373411943,20.65191844044917,2.4118475840645535,0.08756502494032206,0.0,0
378,-9.895287958115185,-53.75,0.2367,-0.029852781530743888,21.29888050896021,3.026169659900789,0.10332803465661348,0.0,0
379,-8.952879581151834,-53.75,0.2367,-0.733019543588245,64.99072129974412,3.722466516805634,0.10451350156446047,0.0,0
380,-8.010471204188482,-53.75,0.2367,-1.0585167463997531,83.45573715349394,4.6888608066695605,0.060983004271419325,0.0,0
381,-7.0680628272251305,-53.75,0.2367,-1.3697669660937795,37.17248189907205,5.931357411814018,0.007298742243032209,0.0,0
382,-6.12565445026178,-53.75,0.2367,-1.733494603951361,15.06708172395673,7.617129317165593,0.0009335290963498166,0.0,0
383,-5.183246073298429,-53.75,0.2367,-2.018728889813926,9.132638176198467,9.32848303838347,0.0011390389605595934,0.0,0
384,-4.2408376963350785,-53.75,0.2367,-1.9201942527205929,16.127848942007876,11.217892530501803,0.010562199720721997,0.0,0
385,-3.298429319371728,-53.75,0.2367,0.39646305279170546,1.5835144095898535,12.797927757445457,0.005547447065438148,0.0,0
386,-2.356020942408377,-53.75,0.2367,7.666145485088013,34.04603948839982,15.851638012626118,0.3026737863023852,0.8333333333333334,0
387,-1.4136125654450262,-53.75,0.2367,19.934623364862667,19.46833127215087,16.621334767791627,0.2793927767973843,0.5272727272727272,0
388,-0.4712041884816754,-53.75,0.2367,34.4388534620536,55.13517063451473,17.855098084095477,0.9830484670593039,0.4866666666666667,0
389,0.4712041884816754,-53.75,0.2367,44.13118305543923,52.47715859546821,18.517059332022743,0.9989770978408454,0.45566502463054187,0
390,1.4136125654450262,-53.75,0.2367,54.49336240705227,35.70336451637258,17.89086185617527,0.46952912281123343,0.41737891737891736,0
391,2.356020942408377,-53.75,0.2367,71.29659950877293,44.34804367929977,15.311492842550779,0.7994224914334416,0.4327485380116959,1
392,-13.664921465968591,-52.5,0.2367,0.9393162378031905,62.543886322791856,1.0113867895793822,0.264736654354027,0.0,0
393,-12.72251308900524,-52.5,0.2367,0.4109182525232259,42.68902100740453,1.5572515664643738,0.15487743963633888,0.0,0
394,-11.780104712041888,-52.5,0.2367,0.2535651007998907,58.35950721885899,2.0359406790876604,0.22973413965951775,0.0,0
395,-10.837696335078537,-52.5,0.2367,-0.05757236815222355,46.7917444270609,2.54313619616744,0.2061151316192264,0.0,0
396,-9.895287958115185,-52.5,0.2367,-0.5139569702689595,58.42050297751245,3.281858105522456,0.1622969508881009,0.0,0
397,-8.952879581151834,-52.5,0.2367,-0.8770269049692397,76.6454126649812,3.992756874121053,0.06548851777993998,0.0,0
398,-8.010471204188482,-52.5,0.2367,-1.2391888045326016,66.25169699522284,5.159457791781135,0.02249710995695461,0.0,0
399,-7.0680628272251305,-52.5,0.2367,-1.5907370117231077,20.344920585848488,6.52505928916394,0.0001465337653672405,0.0,0
400,-6.12565445026178,-52.5,0.2367,-1.880886617109163,9.719913071704438,8.145599277987436,0.00013041725988581108,0.0,0
401,-5.183246073298429,-52.5,0.2367,-2.263268515418481,45.685069128219844,9.942016047753162,0.002568751911361261,0.0,0
402,-4.2408376963350785,-52.5,0.2367,-2.2767508341429963,34.12040520118243,11.83309055717235,0.013800121654654036,0.0,0
403,-3.298429319371728,-52.5,0.2367,0.07807323660330834,7.445873945322584,13.926289939319934,0.019437014106451607,0.0,0
404,-2.356020942408377,-52.5,0.2367,9.592439773759976,60.31371165710319,16.734735094863137,0.39575245901081724,0.65,0
405,-1.4136125654450262,-52.5,0.2367,24.49087415797614,13.466167220765529,19.799705638752368,0.08735990451420284,0.4901185770750988,0
406,-0.4712041884816754,-52.5,0.2367,41.08777921008317,41.09729608414981,19.90181785269579,0.27574459037941,0.4379310344827586,0
407,0.4712041884816754,-52.5,0.2367,51.914881564173086,41.111988001116615,20.95469053474644,0.2611626342088238,0.4289772727272727,0
408,-8.952879581151834,-51.25,0.2367,-1.0610020265028144,10.690156573415974,4.396148807475388,0.0026627850910483355,0.0,0
409,-8.010471204188482,-51.25,0.2367,-1.3842920579818887,38.65974675639901,5.537950362151599,0.0005667344517493885,0.0,0
410,-7.0680628272251305,-51.25,0.2367,-1.7194762362267868,27.475248980647876,7.110804160612202,4.332679971703793e-05,0.0,0
411,-5.183246073298429,-51.25,0.2367,-2.449244793253244,46.68771637830629,10.810066328948372,0.001634178630551104,0.0,0
412,-4.2408376963350785,-51.25,0.2367,-2.5900420091980383,21.7919244379124,13.09484473184983,0.004833879957238864,0.0,0
413,-3.298429319371728,-51.25,0.2367,-0.058992068735569614,1.3461041943584287,14.490466135960984,0.0026931457939101764,0.0,0
414,-2.356020942408377,-51.25,0.2367,8.51826495658461,16.275039064375086,16.701173314203984,0.05960995924867345,0.6,0
415,-3.298429319371728,-50.0,0.2367,-0.5246860681727559,5.227073615576096,14.991828685106947,0.005358488526130747,0.0,0
0,-6.12565445026178,-78.75,1.1514,5.314737556399946,24.49815735745048,0.15414770107953205,1.891632087732465,0.0,0
1,-5.183246073298429,-78.75,1.1514,14.252897155393251,44.920803739490495,0.31344815063355724,5.728027050171893,0.0,0
2,-4.2408376963350785,-78.75,1.1514,27.751387403132167,43.93502948782621,0.4370787089693062,9.02371307578324,0.0,0
3,-3.298429319371728,-78.75,1.1514,26.03773867485828,32.93218625550075,0.4444033826527871,8.087689286788988,0.0,0
4,-2.356020942408377,-78.75,1.1514,27.615075696483192,69.57596107473364,0.7388670777736526,19.927491586183805,0.0,0
5,-1.4136125654450262,-78.75,1.1514,35.52911155471425,57.6175918833178,0.933399552976733,25.240632286966488,0.0,0
6,-8.952879581151834,-77.5,1.1514,2.806982019760258,34.27136449596152,0.16084933181916555,1.832177969054831,0.0,0
7,-8.010471204188482,-77.5,1.1514,5.622921264489527,39.512101381247966,0.26619752933627194,3.5843858188880615,0.0,0
8,-7.0680628272251305,-77.5,1.1514,11.167162358504587,37.57673968792912,0.40368241646728914,5.922931734349147,0.0,0
9,-6.12565445026178,-77.5,1.1514,11.845852569485237,31.978320671896494,0.616169202090988,3.624106950889018,0.0,0
10,-5.183246073298429,-77.5,1.1514,20.393648465355746,64.4076929203528,0.9809813328193092,7.55945372731826,0.0,0
11,-4.2408376963350785,-77.5,1.1514,29.708552276459578,84.2435225174443,1.4547196054551614,14.665907994237763,0.0,0
12,-3.298429319371728,-77.5,1.1514,49.07479671126989,37.228298914340215,1.5255238711132533,10.645674502786461,0.0,0
13,-2.356020942408377,-77.5,1.1514,70.47173515173242,51.463320620972944,2.355059251697617,19.766893086560167,0.0,0
14,-1.4136125654450262,-77.5,1.1514,96.55726568646385,39.806260076694585,2.2819871704870285,21.795502765491538,0.0,0
15,-0.4712041884816754,-77.5,1.1514,101.23669745470441,45.99924601674354,1.1983347180274755,34.67007927817757,0.0,0
16,0.4712041884816754,-77.5,1.1514,69.3868421348518,44.935391263394145,0.7688241561047408,28.701044879378557,0.0,0
17,-10.837696335078537,-76.25,1.1514,4.959689931096489,43.120653179586526,0.234295455951408,2.9188384156009772,0.0,0
18,-9.895287958115185,-76.25,1.1514,11.712158506563371,46.46773113776795,0.5990369066342445,6.155147318144978,0.0,0
19,-8.952879581151834,-76.25,1.1514,26.799394193988185,29.91869864299934,1.3248879967952871,8.076403750242788,0.0,0
20,-8.010471204188482,-76.25,1.1514,21.766464444137082,56.787573483845975,1.9232609620316845,9.535311346727724,0.0,0
21,-7.0680628272251305,-76.25,1.1514,21.1443121801381,54.12466259439119,1.9360818162454945,8.063292069271379,0.0,0
22,-6.12565445026178,-76.25,1.1514,20.54371991133581,34.0200384987762,2.086099887217555,4.6920605407301235,0.0,0
23,-5.183246073298429,-76.25,1.1514,18.58219822996524,88.29564690633246,2.7197060779033673,11.61555938261244,0.0,0
24,-4.2408376963350785,-76.25,1.1514,20.8623901293907,90.65107177919813,3.087389602484366,13.622280562822866,0.0,0
25,-3.298429319371728,-76.25,1.1514,27.582299734390563,91.82636435364498,3.5921554421697666,15.896747692680728,0.0,0
26,-2.356020942408377,-76.25,1.1514,34.1961721798562,93.10291721592449,4.370245375601628,17.902133082692472,0.0,0
27,-1.4136125654450262,-76.25,1.1514,42.481671943973126,94.13137785296908,4.8195954171189745,17.772517590769315,0.0,0
28,-0.4712041884816754,-76.25,1.1514,70.32258007390104,61.31497441294721,4.501349428149393,15.879474123283066,0.0,0
29,0.4712041884816754,-76.25,1.1514,147.63125153249666,53.85310430143203,2.993331426241106,31.286564647967687,0.0,0
30,1.4136125654450262,-76.25,1.1514,158.16630571964708,4.800799887196099,0.3429047972919692,4.160470847033816,0.0,0
31,-13.664921465968591,-75.0,1.1514,0.059486695842031256,7.242705931088321,0.022206678228695532,0.03957523556897422,0.0,0
32,-12.72251308900524,-75.0,1.1514,6.121077081680668,33.94909601971902,0.2747414735244365,3.1444160310788307,0.0,0
33,-11.780104712041888,-75.0,1.1514,13.29814000714573,47.536241297040675,0.7850747288580674,7.5182079220632225,0.0,0
34,-10.837696335078537,-75.0,1.1514,31.915692954372744,35.6615097260851,2.918828234689803,12.778456718209966,0.0,0
35,-9.895287958115185,-75.0,1.1514,17.707616822474005,54.746438284234735,4.31738245820418,8.126928811293482,0.0,0
36,-8.952879581151834,-75.0,1.1514,8.865843439142626,33.00045425509219,4.2735212937095,2.8329444291095935,0.0,0
37,-8.010471204188482,-75.0,1.1514,7.481789323847664,61.372563000711736,3.7697505858278384,4.9968282145399,0.0,0
38,-7.0680628272251305,-75.0,1.1514,10.683026879845645,83.8912347562937,3.3780486376580265,8.277893963899999,0.0,0
39,-6.12565445026178,-75.0,1.1514,15.717630846066516,85.60663605563549,3.3976271324173073,11.80890932229353,0.0,0
40,-5.183246073298429,-75.0,1.1514,25.904729248074496,85.96207629757639,3.8608999916029942,18.330308434787444,0.0,0
41,-4.2408376963350785,-75.0,1.1514,36.97718249142687,86.24583852917512,4.146284259363824,26.286208421554186,0.0,0
42,-3.298429319371728,-75.0,1.1514,49.179010311058754,87.9661449646511,4.915568515172945,32.45488320368565,0.0,0
43,-2.356020942408377,-75.0,1.1514,61.05493886910257,90.70097106471472,5.902943506597659,35.747795610378645,0.0,1
44,-1.4136125654450262,-75.0,1.1514,77.48351722495221,90.93126711784161,6.462181888986524,39.064402862312676,0.0,1
45,-0.4712041884816754,-75.0,1.1514,88.78514932164377,84.45429527102566,6.513032797082258,32.34449393868593,0.0,1
46,0.4712041884816754,-75.0,1.1514,86.63192731747147,88.32402424096762,5.8384694404657465,25.076080439324745,0.0,1
47,1.4136125654450262,-75.0,1.1514,128.35517476265935,21.07817641267748,2.5489006280242714,8.314987352192045,0.0,0
48,2.356020942408377,-75.0,1.1514,180.80929573312352,3.8493112473064475,0.45400750005173945,2.4105839217015124,0.0,0
49,-14.607329842931941,-73.75,1.1514,0.2955600444301386,15.505361044016581,0.14869946495769135,0.27908290694011767,0.0,0
50,-13.664921465968591,-73.75,1.1514,7.923354179776387,43.97981701415419,0.875394074226125,3.3487180830311676,0.0,0
51,-12.72251308900524,-73.75,1.1514,20.403232604333407,54.087781698242935,1.7224445476826282,7.122978318041486,0.0,0
52,-11.780104712041888,-73.75,1.1514,26.36255489004685,64.87238728557922,4.888776356696737,17.489347701856275,0.0,1
53,-10.837696335078537,-73.75,1.1514,10.308667031857167,71.4422910675802,5.1811321351995225,4.778143501886097,0.0,0
54,-9.895287958115185,-73.75,1.1514,7.092846659601819,79.09408424755506,5.03627521156127,4.700400546034383,0.0,0
55,-8.952879581151834,-73.75,1.1514,8.356399653571415,73.58286962699594,4.703231735274657,6.015835519656219,0.0,0
56,-8.010471204188482,-73.75,1.1514,10.261359851894301,57.93862278381264,4.146248871165615,7.129988697123304,0.0,0
57,-7.0680628272251305,-73.75,1.1514,13.519903382127884,65.90079885267845,3.942680173275811,9.418979828170404,0.0,0
58,-6.12565445026178,-73.75,1.1514,19.58784911917476,85.56073773439655,4.243106389520306,14.854072918041659,0.0,0
59,-5.183246073298429,-73.75,1.1514,26.632730613915278,84.12589181973038,4.743196663598697,17.121253145469765,0.0,0
60,-4.2408376963350785,-73.75,1.1514,31.98536861061909,88.0121534775314,5.024172143649559,18.44834401697763,0.0,0
61,-3.298429319371728,-73.75,1.1514,43.37587841881076,89.35861883836237,6.158501743555093,21.919370045135963,0.0,0
62,-2.356020942408377,-73.75,1.1514,56.19662245420734,91.99495150665786,7.350273272020528,23.156287903246046,0.0,0
63,-1.4136125654450262,-73.75,1.1514,81.13233884508772,79.5854997483273,8.144601255653885,26.502506586209563,0.0,1
64,-0.4712041884816754,-73.75,1.1514,103.59233247613687,90.51957387749303,8.30451932081947,37.76594143477643,0.0,3
65,0.4712041884816754,-73.75,1.1514,131.04850309048723,92.68244233703842,8.234469834199853,41.746346759925736,0.0,5
66,1.4136125654450262,-73.75,1.1514,142.2714738697332,87.52750852141476,6.713706741870486,32.193351321896245,0.0,3
67,-14.607329842931941,-72.5,1.1514,1.1185490715911381,25.778161243215735,0.612722657967962,0.645202866925513,0.0,0
68,-13.664921465968591,-72.5,1.1514,6.746057671421993,46.80457823772145,1.6275890448264072,2.971934061154434,0.0,0
69,-12.72251308900524,-72.5,1.1514,12.094897712559042,52.5255366525028,3.6381150006493845,6.005287121915162,0.0,0
70,-11.780104712041888,-72.5,1.1514,12.53236759680495,75.56110895358526,4.608450575191358,5.584201230119565,0.0,0
71,-10.837696335078537,-72.5,1.1514,6.708229540817439,80.00381865100616,4.290993274128737,2.9673908868621934,0.0,0
72,-9.895287958115185,-72.5,1.1514,6.6867738743483525,81.00881341873901,4.1478058235729725,3.571480214818629,0.0,0
73,-8.952879581151834,-72.5,1.1514,6.615948386518733,72.39958392894313,4.138441726830195,4.810908288777855,0.0,0
74,-8.010471204188482,-72.5,1.1514,6.706880005885691,26.124507184455794,4.169631256455796,1.6807074795186407,0.0,0
75,-7.0680628272251305,-72.5,1.1514,9.078280417095241,39.023660365148956,4.270802785168661,3.247230090175222,0.0,0
76,-6.12565445026178,-72.5,1.1514,13.73523968929512,88.48426219239518,4.727417837549023,10.708340525842583,0.0,0
77,-5.183246073298429,-72.5,1.1514,22.488061684114218,88.97674169721185,5.321857834765043,14.97441141878032,0.0,0
78,-4.2408376963350785,-72.5,1.1514,31.78533697514965,79.39831515450797,5.822924424128858,15.14733558702055,0.0,0
79,-3.298429319371728,-72.5,1.1514,42.685943771076495,90.55252501306482,7.248222585611552,18.071377798060343,0.0,0
80,-2.356020942408377,-72.5,1.1514,59.78424476804677,87.46641461486345,8.547992698826786,19.926528039989204,0.0,0
81,-1.4136125654450262,-72.5,1.1514,85.55170545501728,92.85736987263935,9.90947344981944,27.331436848295787,0.0,1
82,-0.4712041884816754,-72.5,1.1514,108.03808767188856,92.99393256628244,10.609548894762538,32.83251998318615,0.0,3
83,0.4712041884816754,-72.5,1.1514,137.81013302699992,92.65768655598222,10.737379565916497,37.17406714749842,0.0,3
84,1.4136125654450262,-72.5,1.1514,186.02313541554258,91.64398078153715,9.524732634004453,41.73299165464024,0.0,3
85,-14.607329842931941,-71.25,1.1514,2.0855311948549784,22.139291024756602,0.6852707583348195,0.6625172719182681,0.0,0
86,-13.664921465968591,-71.25,1.1514,10.30386437767351,56.502632509938984,2.3765946252841923,3.5470944624879586,0.0,0
87,-12.72251308900524,-71.25,1.1514,14.292088901390681,46.52458756341647,3.4302324105283244,5.406290198389871,0.0,0
88,-11.780104712041888,-71.25,1.1514,8.729267326335357,77.1598432593622,3.7544937382707735,3.3413684759578484,0.0,0
89,-10.837696335078537,-71.25,1.1514,5.014040578055934,77.9638433836707,3.431951941243157,1.8467163758322096,0.0,0
90,-9.895287958115185,-71.25,1.1514,4.72944920400322,78.14867267854697,3.428538501426854,2.2103531897044797,0.0,0
91,-8.952879581151834,-71.25,1.1514,5.1991381696013335,56.424555094443065,3.6383744390247172,2.0755380454655996,0.0,0
92,-8.010471204188482,-71.25,1.1514,6.642126376947172,11.563182881378014,3.999314823355693,0.6198023095695784,0.0,0
93,-7.0680628272251305,-71.25,1.1514,9.132829952162286,53.289965088347735,4.5342009096649445,3.558349534752912,0.0,0
94,-6.12565445026178,-71.25,1.1514,12.244459244290056,84.91628106107574,5.158368099506655,7.702668375980682,0.0,0
95,-5.183246073298429,-71.25,1.1514,19.087899176491366,91.14494735142196,5.8808970448132785,10.511750422671243,0.0,0
96,-4.2408376963350785,-71.25,1.1514,29.434956603995552,89.19049055050456,6.867713254851523,12.379879042501784,0.0,0
97,-3.298429319371728,-71.25,1.1514,41.90769144075915,94.01036029783546,8.342595789992144,16.10747687171654,0.0,0
98,-2.356020942408377,-71.25,1.1514,59.16703998134946,90.30127053486524,10.163716026627242,20.26377755610246,0.0,1
99,-1.4136125654450262,-71.25,1.1514,80.7011321794666,97.35825538732156,11.87378883332591,26.543960398518553,0.0,3
100,-0.4712041884816754,-71.25,1.1514,103.34989084993236,95.30854912867653,12.593548702816713,29.514023865955256,0.0,3
101,0.4712041884816754,-71.25,1.1514,141.7445030370607,94.96119914139854,12.784403548536426,33.889481396327284,0.0,3
102,1.4136125654450262,-71.25,1.1514,179.480423430288,82.06661110755358,10.980575512792418,33.42717080673034,0.0,3
103,-13.664921465968591,-70.0,1.1514,19.485590871373798,58.36415354335344,2.5240332220297543,8.982003151778981,0.0,0
104,-12.72251308900524,-70.0,1.1514,14.087160015388154,40.39842877629866,3.520803072008261,3.32429381619837,0.0,0
105,-11.780104712041888,-70.0,1.1514,5.5177016869005655,54.33023910705492,3.1524318389384747,1.4620618340890466,0.0,0
106,-10.837696335078537,-70.0,1.1514,4.819132320144458,35.82404279655191,2.9400738409750935,1.0391411680229234,0.0,0
107,-9.895287958115185,-70.0,1.1514,3.5954257429578997,61.95789482077403,3.11371608343148,1.759765281561555,0.0,0
108,-8.952879581151834,-70.0,1.1514,3.6739700273719933,34.03042126192255,3.3950387809424196,1.1215626378200543,0.0,0
109,-8.010471204188482,-70.0,1.1514,4.680794682343549,26.593520617723094,3.8877410854381824,0.9277448247532925,0.0,0
110,-7.0680628272251305,-70.0,1.1514,8.20992285266136,50.92948311306325,4.580235864297423,2.48813974751136,0.0,0
111,-6.12565445026178,-70.0,1.1514,11.24830229108569,90.70063278302051,5.408991087235722,5.8175490529708895,0.0,0
112,-5.183246073298429,-70.0,1.1514,17.58664790989821,91.11365832384432,6.37365623309359,8.508545581311244,0.0,0
113,-4.2408376963350785,-70.0,1.1514,26.64052288538133,78.91518532548986,7.696315302673316,9.542390229137162,0.0,0
114,-3.298429319371728,-70.0,1.1514,43.53068997197362,89.39177951944136,9.211644277796335,14.629710069440257,0.0,0
115,-2.356020942408377,-70.0,1.1514,59.01569814599003,94.09866332155025,11.333940464995168,19.420879784950248,0.0,1
116,-1.4136125654450262,-70.0,1.1514,76.2304309558834,95.6671098561894,13.226154099225933,22.504872041995142,0.0,1
117,-0.4712041884816754,-70.0,1.1514,103.83314225727098,97.18338892073538,13.996178341755208,26.88680673908921,0.0,1
118,0.4712041884816754,-70.0,1.1514,143.59243306530433,99.16776172937486,14.389453363500166,32.68807012655226,0.0,3
119,1.4136125654450262,-70.0,1.1514,180.59504133485646,94.93330952288333,12.140255869783916,34.67960216678689,0.0,3
120,-15.549738219895294,-68.75,1.1514,10.172695040456276,68.66090021379591,1.9137253558003218,7.510108046347926,0.0,0
121,-14.607329842931941,-68.75,1.1514,18.724336796837594,51.04095603450806,1.904816428887605,9.109146207772993,0.0,0
122,-13.664921465968591,-68.75,1.1514,23.72527606338999,68.83277865705116,2.7399281963589086,9.98526766159122,0.0,0
123,-12.72251308900524,-68.75,1.1514,5.380326763557196,64.66327201690746,2.9222481332030705,1.8534846876218802,0.0,0
124,-11.780104712041888,-68.75,1.1514,3.902627563302695,30.870333081182057,2.604622506610298,0.7175212126384475,0.0,0
125,-10.837696335078537,-68.75,1.1514,3.985834116669441,12.627705650820602,2.6597128704917465,0.3435773831177605,0.0,0
126,-9.895287958115185,-68.75,1.1514,3.2905001360095385,41.66541182889264,2.884702129629124,1.0345028567600925,0.0,0
127,-8.952879581151834,-68.75,1.1514,3.524758438369512,5.255462055745322,3.172818415602738,0.1222635691957836,0.0,0
128,-8.010471204188482,-68.75,1.1514,4.922209356783373,66.35439261877731,3.746575841753399,2.054769015656995,0.0,0
129,-7.0680628272251305,-68.75,1.1514,7.698036016878531,89.00949209426884,4.567476291970705,3.6580219742195217,0.0,0
130,-6.12565445026178,-68.75,1.1514,10.542115915593852,91.80588751895574,5.587367644969735,5.048997866202374,0.0,0
131,-5.183246073298429,-68.75,1.1514,16.19145590472382,91.7848641259554,6.795283806049428,7.941254782145997,0.0,0
132,-4.2408376963350785,-68.75,1.1514,27.960873358717095,93.02745280535981,8.21895064949239,12.163464185203004,0.0,0
133,-3.298429319371728,-68.75,1.1514,39.97685938994076,97.4380900732446,10.250250650824036,14.817651369113783,0.0,0
134,-2.356020942408377,-68.75,1.1514,59.52704987424365,96.90417224760041,12.473983468161524,19.153902529962593,0.0,0
135,-1.4136125654450262,-68.75,1.1514,80.47334483941067,99.69960310099489,14.375471330933099,21.46790256227864,0.0,1
136,-0.4712041884816754,-68.75,1.1514,110.10274419845601,101.49570575710733,15.449001554170795,27.751878056454707,0.0,3
137,0.4712041884816754,-68.75,1.1514,152.41081298373916,99.99703631289145,15.788015698956864,34.046359864496154,0.0,3
138,1.4136125654450262,-68.75,1.1514,207.89470364050888,97.83308930986964,14.48842204046138,39.885734853277725,0.08333333333333333,8
139,2.356020942408377,-68.75,1.1514,252.90046451617744,91.33658095160568,10.46791031728126,36.00015916478,0.16666666666666666,6
140,-16.492146596858646,-67.5,1.1514,20.499335579771188,28.144449080946103,1.344352402847164,6.584991196675563,0.0,0
141,-15.549738219895294,-67.5,1.1514,30.123691179627265,30.07463775324898,1.7250286771723222,8.276017376927516,0.0,0
142,-14.607329842931941,-67.5,1.1514,18.312331449665802,55.07431086075785,2.3816663243542253,4.652528447623725,0.0,0
143,-13.664921465968591,-67.5,1.1514,5.015621690049432,64.53219474022559,2.491702735891524,1.445012136059613,0.0,0
144,-12.72251308900524,-67.5,1.1514,2.5413347142887286,71.60685684674775,2.1697342390554653,1.6798039213357272,0.0,0
145,-11.780104712041888,-67.5,1.1514,3.40461450158376,70.34044302445086,2.2293431858249626,1.585735663782608,0.0,0
146,-10.837696335078537,-67.5,1.1514,3.2546503666839617,33.500333725862724,2.4860886785374623,0.448852698014285,0.0,0
147,-9.895287958115185,-67.5,1.1514,2.940666173722719,3.6450476256480973,2.71549928897426,0.050366039378937966,0.0,0
148,-8.952879581151834,-67.5,1.1514,3.3560022418407778,30.65742847612191,3.1307572033964473,0.5108050431270399,0.0,0
149,-8.010471204188482,-67.5,1.1514,5.083391506934582,84.1777618653453,3.6409552809620447,2.3970845112887993,0.0,0
150,-7.0680628272251305,-67.5,1.1514,6.831793402424625,74.52397531625948,4.548281382555593,2.5162748953595386,0.0,0
151,-6.12565445026178,-67.5,1.1514,7.086997321480247,89.52085261765511,5.64668585382635,3.421620854714339,0.0,0
152,-5.183246073298429,-67.5,1.1514,12.8016877779528,92.97317079160932,6.91661415840987,5.8413247484754045,0.0,0
153,-4.2408376963350785,-67.5,1.1514,22.1537394007051,93.29014176266931,8.558391893448631,8.419551435927538,0.0,0
154,-3.298429319371728,-67.5,1.1514,34.716279870653096,93.45480319095594,10.757887485904096,11.09842816315424,0.0,0
155,-2.356020942408377,-67.5,1.1514,53.36682178713828,99.60290231024284,13.162964765108379,15.331735356530498,0.0,0
156,-1.4136125654450262,-67.5,1.1514,79.78618959167024,101.244142354262,15.121140910369041,19.87798297242545,0.0,1
157,-0.4712041884816754,-67.5,1.1514,108.36522223536251,101.53640167053547,16.534305000888693,25.789792536192316,0.0,3
158,0.4712041884816754,-67.5,1.1514,148.72244058578602,103.66496928003133,17.571194303730852,33.470809003641406,0.0,3
159,1.4136125654450262,-67.5,1.1514,208.931357244039,91.77760483719977,16.564013795693477,36.87612646599659,0.16666666666666666,8
160,2.356020942408377,-67.5,1.1514,298.60401979958584,72.27604270309249,12.994112371558545,33.228484551471766,0.16666666666666666,3
161,-18.376963350785346,-66.25,1.1514,6.974214436874305,23.78021029996505,0.29797520926431437,2.969402383628938,0.0,0
162,-17.434554973821996,-66.25,1.1514,18.88254314747638,32.73683268329897,0.9071294774823001,5.0585139489240785,0.0,0
163,-16.492146596858646,-66.25,1.1514,41.14931370184898,52.795578011860364,1.2601824691094436,22.013526725097847,0.0,0
164,-15.549738219895294,-66.25,1.1514,19.860037505989872,68.84547995911615,1.8018717354189557,7.015443176102913,0.0,0
165,-14.607329842931941,-66.25,1.1514,5.215412083726082,73.87995959639431,1.8930293878700453,1.6790074964577466,0.0,0
166,-13.664921465968591,-66.25,1.1514,2.9866820608756526,34.085702032693476,0.8591405777708958,1.1468827468139846,0.0,0
167,-12.72251308900524,-66.25,1.1514,2.740271072706848,84.80226855666842,2.1459944539007885,1.171997071531307,0.0,0
168,-11.780104712041888,-66.25,1.1514,2.223545417932896,79.60637606593775,2.1365692164747694,0.7784562884605544,0.0,0
169,-10.837696335078537,-66.25,1.1514,2.2227396048971935,65.92097503220137,2.349904713394163,0.5680743205341412,0.0,0
170,-9.895287958115185,-66.25,1.1514,2.6071583056955046,54.181936189653705,2.680554603536732,0.6273194170154037,0.0,0
171,-8.952879581151834,-66.25,1.1514,3.9429491295757377,45.19332450537201,3.048638770251453,0.9231431792853965,0.0,0
172,-8.010471204188482,-66.25,1.1514,5.004227693731249,75.07063513166071,3.68557427196552,2.115081509429748,0.0,0
173,-7.0680628272251305,-66.25,1.1514,5.02543957941066,80.58612919478516,4.4896960240455615,2.469840736143525,0.0,0
174,-6.12565445026178,-66.25,1.1514,5.666645686530731,90.5021995709544,5.672212648216316,2.8398434381181197,0.0,0
175,-5.183246073298429,-66.25,1.1514,10.720528271847801,92.18814714094638,7.058675630992977,4.737696987592956,0.0,0
176,-4.2408376963350785,-66.25,1.1514,16.33087226629528,93.96225751991362,8.818303409513291,5.53808741047607,0.0,0
177,-3.298429319371728,-66.25,1.1514,30.73405755020021,92.65686599657221,11.01905754046238,8.83781839656527,0.0,0
178,-2.356020942408377,-66.25,1.1514,48.948055464363875,101.20317812290838,13.715849812546448,12.702037123805383,0.0,0
179,-1.4136125654450262,-66.25,1.1514,68.80519394959657,99.98686825681943,15.72184008187707,15.586211203576063,0.0,0
180,-0.4712041884816754,-66.25,1.1514,97.8849411421459,93.39294578274622,17.28572371636718,19.007826748671484,0.0,1
181,0.4712041884816754,-66.25,1.1514,136.2312994406076,92.34510324770397,18.28206941324682,25.290398256989455,0.0,3
182,1.4136125654450262,-66.25,1.1514,175.59621229329602,91.78178669829136,17.786200953601934,28.359309006564523,0.25,6
183,2.356020942408377,-66.25,1.1514,246.7994268858621,94.7983464523397,15.10330736826169,30.631776060154237,0.16666666666666666,3
184,-18.376963350785346,-65.0,1.1514,14.029284504518543,40.81282435261619,0.43019589071445963,7.301049467686529,0.0,0
185,-17.434554973821996,-65.0,1.1514,27.202780648786074,20.98962021482357,0.7776844075158301,5.177502749568143,0.0,0
186,-16.492146596858646,-65.0,1.1514,22.16317411748095,63.382252776275365,1.1979121982123602,6.6239014805608045,0.0,0
187,-15.549738219895294,-65.0,1.1514,7.059347353523107,43.88974304818331,0.9021923993959867,2.1469600441029355,0.0,0
188,-14.607329842931941,-65.0,1.1514,3.6546671388623624,58.82798100505016,1.2086104124623527,1.131424351432917,0.0,0
189,-13.664921465968591,-65.0,1.1514,2.472158615134026,43.942182881537946,0.9338597630924781,0.6735298664769092,0.0,0
190,-12.72251308900524,-65.0,1.1514,2.1285732768918506,54.74950491043355,1.225028633233252,0.47826743788993287,0.0,0
191,-11.780104712041888,-65.0,1.1514,0.8664897745159506,69.27549514204381,1.8926567356465736,0.2706512918775632,0.0,0
192,-10.837696335078537,-65.0,1.1514,0.6307901134464062,43.2351876865348,2.1766000075851584,0.16469590439476012,0.0,0
193,-9.895287958115185,-65.0,1.1514,1.77220218923481,13.38128395111057,2.517612614251657,0.13747650289036378,0.0,0
194,-8.952879581151834,-65.0,1.1514,2.767602606780256,30.09211805535171,2.91800267810301,0.5922292555405312,0.0,0
195,-8.010471204188482,-65.0,1.1514,2.440854497596823,61.50629888145598,3.5503378458922024,1.178143176266224,0.0,0
196,-7.0680628272251305,-65.0,1.1514,2.1273760842482705,54.87591386929749,4.50163177929041,0.9017246581531534,0.0,0
197,-6.12565445026178,-65.0,1.1514,3.932061756341067,89.23985411688801,5.6702469172780825,1.9740497583368324,0.0,0
198,-5.183246073298429,-65.0,1.1514,8.836205037215677,57.85187600272369,7.207469677135447,2.376709411975285,0.0,0
199,-4.2408376963350785,-65.0,1.1514,17.128939986195846,57.73530864066918,9.130747791041955,3.297443667313176,0.0,0
200,-3.298429319371728,-65.0,1.1514,25.289345381447646,74.48316379665503,11.411166480418517,5.112652601131326,0.0,0
201,-2.356020942408377,-65.0,1.1514,41.59346305046232,101.89174284952274,13.767477569960409,9.354356551081182,0.0,0
202,-1.4136125654450262,-65.0,1.1514,68.1371029092488,99.68053531621214,16.18491401436935,14.866236620356386,0.0,0
203,-0.4712041884816754,-65.0,1.1514,95.12348241322609,100.739395772337,18.569341336055334,17.623090805860183,0.0,0
204,0.4712041884816754,-65.0,1.1514,139.19414360758748,97.90066428282896,19.521771877675757,22.43945915508055,0.0,3
205,1.4136125654450262,-65.0,1.1514,178.4854665944001,103.60358765024426,19.90683602338379,25.009196831980958,0.25,6
206,-20.261780104712045,-63.75,1.1514,6.514264489413813,6.990040485726096,0.0,0.2627974902333915,0.0,0
207,-19.319371727748695,-63.75,1.1514,7.52706221527014,21.947929765741005,0.36744995285333865,2.30735964978705,0.0,0
208,-18.376963350785346,-63.75,1.1514,12.044788070997095,27.304059245766734,0.4987853248876166,4.1562071711466455,0.0,0
209,-17.434554973821996,-63.75,1.1514,16.689291293647617,8.78709245410185,0.6075111470464424,1.1578395216860393,0.0,0
210,-16.492146596858646,-63.75,1.1514,10.321900790656432,38.265845718031386,0.651567473108378,2.6633727669429996,0.0,0
211,-15.549738219895294,-63.75,1.1514,5.081752928165371,44.8706420158045,0.813501995281384,0.9710921906910992,0.0,0
212,-14.607329842931941,-63.75,1.1514,3.0320854836966538,54.532188767953485,1.016249711681715,0.40031834822865836,0.0,0
213,-13.664921465968591,-63.75,1.1514,1.9170888122392988,64.99435298680591,1.212832003849384,0.30763779610648934,0.0,0
214,-12.72251308900524,-63.75,1.1514,1.3578594224056102,73.49282000204805,1.4649237130147765,0.19245535391018248,0.0,0
215,-11.780104712041888,-63.75,1.1514,0.8361686298514344,23.78894033209685,1.5896003260889198,0.09731154118802042,0.0,0
216,-10.837696335078537,-63.75,1.1514,1.8759185978850184,49.964720725741216,1.593071726533648,0.5749604476370642,0.0,0
217,-9.895287958115185,-63.75,1.1514,1.3527118970166638,12.908680496157613,2.36747054654715,0.15983998541210107,0.0,0
218,-8.952879581151834,-63.75,1.1514,0.7626367113826746,4.129800435943167,2.944193307471375,0.04885372179764187,0.0,0
219,-8.010471204188482,-63.75,1.1514,0.3520256667878283,18.744909569443923,3.440585976959187,0.19280081573385754,0.0,0
220,-7.0680628272251305,-63.75,1.1514,0.21136920120706648,31.627853643104007,4.301798433982435,0.22884525849958087,0.0,0
221,-6.12565445026178,-63.75,1.1514,1.8927701810583892,81.31927344669836,5.780622437510762,1.071744555930517,0.0,0
222,-5.183246073298429,-63.75,1.1514,7.243447487023318,82.55367566493761,7.187424452237333,2.4701088782014886,0.0,0
223,-4.2408376963350785,-63.75,1.1514,14.992952400892348,40.446903959094634,9.457569598959928,1.6865423709498424,0.0,0
224,-3.298429319371728,-63.75,1.1514,22.366207891272513,97.66805337740831,11.479110245688283,5.406264211293861,0.0,0
225,-2.356020942408377,-63.75,1.1514,38.155454157473436,95.71500305145962,13.678047800481089,8.51321037402327,0.0,0
226,-1.4136125654450262,-63.75,1.1514,66.49123624943036,98.591980855569,16.719246432931826,13.94144489599038,0.0,0
227,-0.4712041884816754,-63.75,1.1514,96.01865618175579,104.93809201936602,19.959577750901094,17.081923757264427,0.0,0
228,0.4712041884816754,-63.75,1.1514,141.58631745334043,101.8736897146707,20.99629722463804,21.170348517460244,0.0,3
229,1.4136125654450262,-63.75,1.1514,197.6813807349619,86.82275637895532,20.558367302602107,20.19433446701122,0.3333333333333333,3
230,3.298429319371728,-63.75,1.1514,292.95482958156737,109.22530444602734,9.619750648412694,30.84851414688318,0.3333333333333333,23
231,-19.319371727748695,-62.5,1.1514,5.413083579466229,16.753430671853792,0.28257262033399766,1.2043661636090897,0.0,0
232,-18.376963350785346,-62.5,1.1514,7.921219647236352,6.557751518590239,0.26703724663286194,0.8576464511232864,0.0,0
233,-17.434554973821996,-62.5,1.1514,9.929153425233617,3.8000764871307715,0.2719134143017131,0.34008608568523807,0.0,0
234,-16.492146596858646,-62.5,1.1514,8.74389360668207,24.741855757934182,0.42915975969373316,1.000528477839101,0.0,0
235,-15.549738219895294,-62.5,1.1514,7.109290441331419,19.64959803489684,0.4678151691631022,0.4977979991255357,0.0,0
236,-14.607329842931941,-62.5,1.1514,3.2912132615472522,42.67164431915951,0.7290116049802905,0.3170858856009776,0.0,0
237,-13.664921465968591,-62.5,1.1514,1.8190824227127378,69.57148682084492,1.1721240571526146,0.19876856929360337,0.0,0
238,-12.72251308900524,-62.5,1.1514,0.9444627051179852,74.97019357845075,1.4161244836614708,0.13955108286629878,0.0,0
239,-11.780104712041888,-62.5,1.1514,1.5565791442070642,29.563492908114515,1.4700392087168255,0.23420343167303517,0.0,0
240,-10.837696335078537,-62.5,1.1514,1.0503087552405173,39.948288304948946,1.7248828392941165,0.3725495983170998,0.0,0
241,-9.895287958115185,-62.5,1.1514,0.30238593731713825,0.8983547936523546,1.9663519720749751,0.006252302001031066,0.0,0
242,-8.952879581151834,-62.5,1.1514,-0.48851413199328475,14.945766022775345,2.895976145018751,0.05244299547051438,0.0,0
243,-8.010471204188482,-62.5,1.1514,-0.6140212304397574,23.009131743128414,3.506422546593668,0.08762726873820902,0.0,0
244,-7.0680628272251305,-62.5,1.1514,-0.45298031238626757,10.21868824376629,4.556127391567266,0.04468684524167419,0.0,0
245,-6.12565445026178,-62.5,1.1514,1.1539869180753013,34.050115383269,5.880279300437603,0.31086281740711796,0.0,0
246,-5.183246073298429,-62.5,1.1514,5.591437771147588,88.02806005158105,7.505447973926358,1.8982076975532916,0.0,0
247,-4.2408376963350785,-62.5,1.1514,14.163117201278668,41.30735496351054,9.990275335898152,1.605281556710999,0.0,0
248,-3.298429319371728,-62.5,1.1514,19.92408377122723,90.9846679003924,11.806880503045871,4.633370009362334,0.0,0
249,-2.356020942408377,-62.5,1.1514,34.08267330657646,88.73768610757821,14.166294510193588,7.411869449130609,0.0,0
250,-1.4136125654450262,-62.5,1.1514,61.119189913444785,59.452190368236266,17.58834148500757,7.45350643865765,0.0,0
251,-0.4712041884816754,-62.5,1.1514,96.6148586966022,96.65165816108748,20.02213242813471,16.49257667629102,0.0,0
252,0.4712041884816754,-62.5,1.1514,157.87325514670846,98.80347260116295,22.127679870780756,21.619120624505925,0.0,2
253,1.4136125654450262,-62.5,1.1514,229.12580489910263,72.70237462042054,22.193002599317147,19.394282736242175,0.08333333333333333,4
254,2.356020942408377,-62.5,1.1514,286.63012920288156,95.12479135328151,19.001638095470955,24.999747302357303,0.1,9
255,3.298429319371728,-62.5,1.1514,312.14351092458816,114.4450672869857,16.551265812795318,30.189912956893473,0.26666666666666666,15
256,-18.376963350785346,-61.25,1.1514,6.730563107425838,23.351259896238492,0.2533237210987276,1.4615600745718567,0.0,0
257,-17.434554973821996,-61.25,1.1514,8.919862517980912,14.68199298444406,0.2860262112752224,0.6391954600935619,0.0,0
258,-16.492146596858646,-61.25,1.1514,9.48110384531464,18.58922641204898,0.3570324263029509,0.44640537224237736,0.0,0
259,-15.549738219895294,-61.25,1.1514,7.328670800636119,15.96431001242012,0.44378447677125,0.18019939522525583,0.0,0
260,-14.607329842931941,-61.25,1.1514,3.2739693979479907,52.66544438959314,0.8697311630181347,0.22896181047265474,0.0,0
261,-13.664921465968591,-61.25,1.1514,1.5678145039089473,70.22184519297791,1.1660964702790342,0.17588872369591255,0.0,0
262,-12.72251308900524,-61.25,1.1514,1.3439387877022464,18.229621229770064,1.3738914975620964,0.08432165632095132,0.0,0
263,-11.780104712041888,-61.25,1.1514,0.8587559501859057,13.543480178037669,1.471731638681156,0.10215744868944707,0.0,0
264,-10.837696335078537,-61.25,1.1514,0.10562270819887332,36.94274137532318,1.8021239275603438,0.1517446896942926,0.0,0
265,-9.895287958115185,-61.25,1.1514,-0.5290285694481098,22.421007099407124,2.435904452444689,0.04335739934063103,0.0,0
266,-8.952879581151834,-61.25,1.1514,-0.8692300434412609,23.467273798159376,2.8745839420159855,0.014564967929380262,0.0,0
267,-8.010471204188482,-61.25,1.1514,-0.9673189505232681,20.72706311960303,3.583557250854001,0.021531470782507254,0.0,0
268,-7.0680628272251305,-61.25,1.1514,-0.6047930560268219,53.420223449138604,4.481780246790187,0.16063185859653922,0.0,0
269,-6.12565445026178,-61.25,1.1514,0.22631802829813585,46.59752634350352,6.005745079886403,0.24289589263694622,0.0,0
270,-5.183246073298429,-61.25,1.1514,4.22903061157331,36.475722317289254,7.703710705908249,0.6560404016343563,0.0,0
271,-4.2408376963350785,-61.25,1.1514,9.925796656929814,9.15161483953736,9.497205944515525,0.27900320891353186,0.0,0
272,-3.298429319371728,-61.25,1.1514,14.253203226752639,31.832853917227304,12.40991083361822,1.1303253024756326,0.0,0
273,-2.356020942408377,-61.25,1.1514,23.274040455104917,93.98769969560102,14.817020856099395,5.129250208795142,0.0,0
274,-1.4136125654450262,-61.25,1.1514,44.57854601439475,67.30730412978068,17.45398623314181,6.612998309060798,0.0,0
275,-0.4712041884816754,-61.25,1.1514,83.27775100521438,60.84868472039549,20.101983829994428,8.96702678637183,0.0,0
276,0.4712041884816754,-61.25,1.1514,158.19723475534627,63.372107728694154,22.48606162928212,13.328172317084137,0.0,0
277,1.4136125654450262,-61.25,1.1514,239.81019825411352,48.59407526935266,23.612444565175178,12.542117790940218,0.0,2
278,2.356020942408377,-61.25,1.1514,290.1290711844242,9.485352013575566,21.92119583999674,2.1975948594310335,0.0,0
279,3.298429319371728,-61.25,1.1514,292.3378677715416,81.09895822026641,21.229893140522016,14.53167577918071,0.4,6
280,4.2408376963350785,-61.25,1.1514,257.8316719885227,89.7970439542426,10.190658067694308,13.342884099329167,0.25,5
281,-15.549738219895294,-60.0,1.1514,7.817518341915082,29.321014755614048,0.39008687746113635,0.4465233134709662,0.0,0
282,-14.607329842931941,-60.0,1.1514,2.724045960877767,34.85562837661244,0.8868545490254195,0.14262180558376025,0.0,0
283,-13.664921465968591,-60.0,1.1514,1.1231114631134893,24.264925327983715,1.1251023623523646,0.08436790976935377,0.0,0
284,-12.72251308900524,-60.0,1.1514,0.8319184819683871,32.96177294072485,1.2855625208108457,0.18344873702655057,0.0,0
285,-11.780104712041888,-60.0,1.1514,0.14615935335616648,65.98748776163814,1.6602373795286718,0.2554612282141501,0.0,0
286,-10.837696335078537,-60.0,1.1514,-0.3487598428605318,79.97388849318,1.98448705200142,0.15177557090228827,0.0,0
287,-9.895287958115185,-60.0,1.1514,-0.7799706227674068,33.709189834299416,2.486080415244838,0.023358280799629857,0.0,0
288,-8.952879581151834,-60.0,1.1514,-0.983033743370443,19.588246194675566,3.0419511481181045,0.004364218039866039,0.0,0
289,-8.010471204188482,-60.0,1.1514,-1.00463971474512,47.669034809952294,3.742094345554277,0.02568715679320252,0.0,0
290,-7.0680628272251305,-60.0,1.1514,-0.8228987377568655,4.830001043156842,4.764892444169669,0.006134094725954719,0.0,0
291,-6.12565445026178,-60.0,1.1514,0.10185142702293515,27.285798438652865,6.111716230386352,0.08782956114220117,0.0,0
292,-5.183246073298429,-60.0,1.1514,1.5335428531893767,37.25623952576062,7.941144587498003,0.25911395124787,0.0,0
293,-4.2408376963350785,-60.0,1.1514,5.959960520555995,5.501374359772052,10.01236172152623,0.12627587045579175,0.0,0
294,-3.298429319371728,-60.0,1.1514,11.175338991297075,11.180465393215352,13.36441175605086,0.33003897931506815,0.0,0
295,-2.356020942408377,-60.0,1.1514,15.763245099680718,2.693388483276847,14.104399983198332,0.11422254289178414,0.0,0
296,-1.4136125654450262,-60.0,1.1514,30.68384256428247,29.25109439021278,16.899074623889753,1.921145849886397,0.0,0
297,-0.4712041884816754,-60.0,1.1514,69.94404900248553,86.63262842183241,20.708570513244048,10.162775663693619,0.0,0
298,0.4712041884816754,-60.0,1.1514,144.01290417515662,89.30508829688534,23.78857712968764,15.292587823033518,0.0,3
299,1.4136125654450262,-60.0,1.1514,245.31388898588315,13.067690475940179,23.82673589767565,2.6305456405399243,0.0,0
300,2.356020942408377,-60.0,1.1514,317.3376816218466,49.70899237750094,21.723328144508844,8.434434741281564,0.0,1
301,3.298429319371728,-60.0,1.1514,322.9654733002321,98.57127846156453,22.964638671454598,10.803993919481407,0.4,3
302,4.2408376963350785,-60.0,1.1514,297.8749649216491,109.98487781807147,19.504942051333266,8.785189367938578,0.4,1
303,5.183246073298429,-60.0,1.1514,283.47794129138043,109.53340142054758,9.941413748591884,6.249462480840708,0.0,1
304,-13.664921465968591,-58.75,1.1514,1.0983538100062984,36.1520230933312,0.5684929874735684,0.2728368264016758,0.0,0
305,-12.72251308900524,-58.75,1.1514,0.5793015505802568,74.85868357538203,1.3241206332685378,0.3340326775497492,0.0,0
306,-11.780104712041888,-58.75,1.1514,0.024279519175036346,53.93707020756069,1.6809186535209444,0.12224579591306087,0.0,0
307,-10.837696335078537,-58.75,1.1514,-0.5097583959854581,12.12748344126182,2.054463026729414,0.012746584215638854,0.0,0
308,-9.895287958115185,-58.75,1.1514,-0.8129721873631669,5.852875294910397,2.5739179585824448,0.002080003296911205,0.0,0
309,-8.952879581151834,-58.75,1.1514,-0.7284264084316092,17.40422873206883,3.0803125250481247,0.005877092475680599,0.0,0
310,-8.010471204188482,-58.75,1.1514,-0.6657489454193101,64.05577170087898,3.6787635585965632,0.02975400996943539,0.0,0
311,-7.0680628272251305,-58.75,1.1514,-0.741114862834468,6.060157710092712,4.803177698345728,0.004472200916368783,0.0,0
312,-6.12565445026178,-58.75,1.1514,-0.4952586850519203,65.10034001381035,6.13157387141228,0.04658152773792961,0.0,0
313,-5.183246073298429,-58.75,1.1514,0.5724246753889934,92.75823588349607,7.850170367062116,0.3542041073004095,0.0,0
314,-4.2408376963350785,-58.75,1.1514,3.986259828932363,45.350790107395504,10.333522685697492,0.7118757903948905,0.0,0
315,-3.298429319371728,-58.75,1.1514,9.747395298047131,12.243159128483294,13.778387313886551,0.31853687222684246,0.0,0
316,-2.356020942408377,-58.75,1.1514,14.27456656860119,26.382502922797315,14.564195921435969,0.9019809379730004,0.0,0
317,-1.4136125654450262,-58.75,1.1514,27.293177932429444,85.3433974210756,17.462020039293048,4.3634823265788425,0.0,0
318,-0.4712041884816754,-58.75,1.1514,61.82135155652465,97.19051872324447,21.271449983601794,9.857871326046965,0.0,0
319,0.4712041884816754,-58.75,1.1514,146.67676985262062,102.34858528143494,24.75240848376558,17.690283088648172,0.08333333333333333,6
320,-13.664921465968591,-57.5,1.1514,0.9853977093186005,53.76083666122182,0.8653780419311906,0.3182125151465423,0.0,0
321,-12.72251308900524,-57.5,1.1514,0.5222825481407127,65.2538973862245,1.297002330858059,0.22733614118295756,0.0,0
322,-11.780104712041888,-57.5,1.1514,0.10410881911316128,21.02458230969262,1.747137667807235,0.04648738231845342,0.0,0
323,-10.837696335078537,-57.5,1.1514,-0.029601190112903852,21.86241573439359,2.15419767338817,0.05746280725179431,0.0,0
324,-9.895287958115185,-57.5,1.1514,-0.14790196894648133,2.7005342941878423,2.700858598831213,0.005454571988265673,0.0,0
325,-8.952879581151834,-57.5,1.1514,-0.19014508666807262,32.8208493843289,3.271498555971485,0.04714252904940382,0.0,0
326,-8.010471204188482,-57.5,1.1514,-0.4592905470388807,37.10306514482214,3.796488632347667,0.027950014527964258,0.0,0
327,-7.0680628272251305,-57.5,1.1514,-0.6268742695195255,66.10600459496835,4.9804880222383545,0.07966674968771502,0.0,0
328,-6.12565445026178,-57.5,1.1514,-0.8758812769320503,18.28808791680812,6.6271849246748555,0.015713121029878742,0.0,0
329,-5.183246073298429,-57.5,1.1514,-0.555321003246295,60.62220116019646,8.524275489666039,0.12817595643073437,0.0,0
330,-4.2408376963350785,-57.5,1.1514,1.5533444693446632,38.08192242812143,10.09920979288103,0.34961810793401676,0.0,0
331,-3.298429319371728,-57.5,1.1514,5.454553212990156,47.07698017055974,13.333921944482983,0.990591908892764,0.0,0
332,-2.356020942408377,-57.5,1.1514,12.275188725007313,52.780525162749534,16.639206078959205,1.4723810843657579,0.0,0
333,-1.4136125654450262,-57.5,1.1514,22.606205695013802,89.95832994493789,18.386714744001022,3.889575938169521,0.0,0
334,-0.4712041884816754,-57.5,1.1514,51.90539783665463,62.04328478867326,21.648943481429907,5.00029181637059,0.0,0
335,0.4712041884816754,-57.5,1.1514,110.98242824823623,67.09567865571802,25.33773993442297,8.958779776878005,0.5,0
336,1.4136125654450262,-57.5,1.1514,181.5602582838591,55.728613932367736,24.4407469017074,8.792639059586547,0.0,3
337,-13.664921465968591,-56.25,1.1514,1.2470803146496685,27.078589230165882,0.7911341747517477,0.18620321762404263,0.0,0
338,-12.72251308900524,-56.25,1.1514,0.7010754926189982,41.056969114743815,1.225052605017564,0.11856776470147595,0.0,0
339,-11.780104712041888,-56.25,1.1514,0.7302893874760148,9.449657695680104,1.7067342335438607,0.03927135271927372,0.0,0
340,-10.837696335078537,-56.25,1.1514,0.5291572714225328,25.45548448086833,2.255314114522689,0.11710054226843482,0.0,0
341,-9.895287958115185,-56.25,1.1514,0.3903990141955751,0.5279525590240302,2.7510400023641313,0.0020450000018212497,0.0,0
342,-8.952879581151834,-56.25,1.1514,-0.050480257542500184,61.4755684807987,3.2993919099035205,0.16839761178118032,0.0,0
343,-8.010471204188482,-56.25,1.1514,-0.6283948739784107,51.82797978852539,4.129683304452092,0.07737230445402915,0.0,0
344,-7.0680628272251305,-56.25,1.1514,-0.8329113722786908,27.583547127948425,5.218560937610935,0.027850232011523486,0.0,0
345,-6.12565445026178,-56.25,1.1514,-1.2097945259781135,21.159820495149262,6.9859335988998605,0.015509381433709217,0.0,0
346,-5.183246073298429,-56.25,1.1514,-1.6295853921934589,19.567905877996484,8.769898571961134,0.01702275809118153,0.0,0
347,-4.2408376963350785,-56.25,1.1514,-0.8442258343797828,27.48688557522858,10.4771597912622,0.08655590642929864,0.0,0
348,-3.298429319371728,-56.25,1.1514,2.1074672195383073,27.699025431234723,12.475947615162507,0.26213332072968765,0.0,0
349,-2.356020942408377,-56.25,1.1514,8.249358416822792,51.609149491578215,18.103934971552373,0.8616676566542267,0.0,0
350,-1.4136125654450262,-56.25,1.1514,14.425002816707185,49.54114539361241,19.471244842187538,1.2544736499331355,0.0,0
351,-0.4712041884816754,-56.25,1.1514,30.68914164658097,64.96177842510646,19.482572698274584,3.039341536748363,0.0,0
352,0.4712041884816754,-56.25,1.1514,65.34352073578914,69.90269751754082,22.388453435733773,5.25228202691891,0.5,0
353,1.4136125654450262,-56.25,1.1514,111.41893485772665,98.01911371945185,24.915138766901237,8.81165654762904,0.16666666666666666,4
354,-14.607329842931941,-55.0,1.1514,2.7635592096120285,41.21126750578825,0.6653821417465577,0.9616902176483384,0.0,0
355,-13.664921465968591,-55.0,1.1514,1.3312394004370254,52.03044560411211,0.8815696768344684,0.23318972912878785,0.0,0
356,-12.72251308900524,-55.0,1.1514,1.0368895214211502,21.924719157951934,1.4168944583525596,0.09736274878956326,0.0,0
357,-11.780104712041888,-55.0,1.1514,0.6491652630283116,1.6953054440607214,1.764880642357921,0.007181276899421926,0.0,0
358,-10.837696335078537,-55.0,1.1514,0.39124785729878164,2.4367371874406216,2.243295728204697,0.010326707529493707,0.0,0
359,-9.895287958115185,-55.0,1.1514,0.39544150702207315,5.787293422788221,2.790099791513725,0.028523526044085097,0.0,0
360,-8.952879581151834,-55.0,1.1514,-0.34089287384346434,54.79181249961747,3.5273775663745073,0.16451133978343097,0.0,0
361,-8.010471204188482,-55.0,1.1514,-0.9718934055538943,10.692667980957317,4.52574501899047,0.01085051016416899,0.0,0
362,-7.0680628272251305,-55.0,1.1514,-1.2098680976050888,18.870793289491758,5.6931635165644465,0.012056237168515817,0.0,0
363,-6.12565445026178,-55.0,1.1514,-1.5136746199928608,29.505948973288167,7.185260301601451,0.011195292399480595,0.0,0
364,-5.183246073298429,-55.0,1.1514,-1.7545618461243842,35.11732824102431,8.703883078031494,0.010262278084027595,0.0,0
365,-4.2408376963350785,-55.0,1.1514,-1.273233758852196,7.374339902423638,10.223150021388989,0.008734475353187079,0.0,0
366,-3.298429319371728,-55.0,1.1514,0.4270319607487112,10.825264138909215,13.128670135661546,0.04356613878782264,0.0,0
367,-2.356020942408377,-55.0,1.1514,10.172908125530409,26.62449050154474,16.98842715295667,0.33976554348183974,0.0,0
368,-1.4136125654450262,-55.0,1.1514,14.337381066328117,27.91012094182936,15.404653164821578,0.5485984940690237,0.0,0
369,-0.4712041884816754,-55.0,1.1514,31.528394060155748,68.97558450743107,17.228303668230073,2.135317114892013,0.0,0
370,0.4712041884816754,-55.0,1.1514,49.13681434464495,72.96943395442,19.55284311349942,2.680974725950395,0.0,0
371,1.4136125654450262,-55.0,1.1514,71.26400843848299,87.5240725060615,20.41967427318901,3.7432108394310672,0.5,0
372,2.356020942408377,-55.0,1.1514,107.46342875909318,86.75951070398305,17.6937859675089,4.658513012724124,0.0,0
373,-14.607329842931941,-53.75,1.1514,2.1207521737361565,50.14948979923934,0.682849837937183,0.5195898542012469,0.0,0
374,-13.664921465968591,-53.75,1.1514,1.1376423458653828,70.35107259425433,1.1993297880969205,0.220185444141647,0.0,0
375,-12.72251308900524,-53.75,1.1514,0.7517477806856769,30.720689608046605,1.5790822623380627,0.13212616496402083,0.0,0
376,-11.780104712041888,-53.75,1.1514,0.3740792552746217,47.1274712735579,1.9283898274766593,0.18348821020567524,0.0,0
377,-10.837696335078537,-53.75,1.1514,0.18795217373411943,20.65191844044917,2.4118475840645535,0.08756502494032206,0.0,0
378,-9.895287958115185,-53.75,1.1514,-0.029852781530743888,21.29888050896021,3.026169659900789,0.10332803465661348,0.0,0
379,-8.952879581151834,-53.75,1.1514,-0.733019543588245,64.99072129974412,3.722466516805634,0.10451350156446047,0.0,0
380,-8.010471204188482,-53.75,1.1514,-1.0585167463997531,83.45573715349394,4.6888608066695605,0.060983004271419325,0.0,0
381,-7.0680628272251305,-53.75,1.1514,-1.3697669660937795,37.17248189907205,5.931357411814018,0.007298742243032209,0.0,0
382,-6.12565445026178,-53.75,1.1514,-1.733494603951361,15.06708172395673,7.617129317165593,0.0009335290963498166,0.0,0
383,-5.183246073298429,-53.75,1.1514,-2.018728889813926,9.132638176198467,9.32848303838347,0.0011390389605595934,0.0,0
384,-4.2408376963350785,-53.75,1.1514,-1.9201942527205929,16.127848942007876,11.217892530501803,0.010562199720721997,0.0,0
385,-3.298429319371728,-53.75,1.1514,0.39646305279170546,1.5835144095898535,12.797927757445457,0.005547447065438148,0.0,0
386,-2.356020942408377,-53.75,1.1514,7.666145485088013,34.04603948839982,15.851638012626118,0.3026737863023852,0.0,0
387,-1.4136125654450262,-53.75,1.1514,19.934623364862667,19.46833127215087,16.621334767791627,0.2793927767973843,0.0,0
388,-0.4712041884816754,-53.75,1.1514,34.4388534620536,55.13517063451473,17.855098084095477,0.9830484670593039,0.0,0
389,0.4712041884816754,-53.75,1.1514,44.13118305543923,52.47715859546821,18.517059332022743,0.9989770978408454,0.0,0
390,1.4136125654450262,-53.75,1.1514,54.49336240705227,35.70336451637258,17.89086185617527,0.46952912281123343,0.5,0
391,2.356020942408377,-53.75,1.1514,71.29659950877293,44.34804367929977,15.311492842550779,0.7994224914334416,0.0,0
392,-13.664921465968591,-52.5,1.1514,0.9393162378031905,62.543886322791856,1.0113867895793822,0.264736654354027,0.0,0
393,-12.72251308900524,-52.5,1.1514,0.4109182525232259,42.68902100740453,1.5572515664643738,0.15487743963633888,0.0,0
394,-11.780104712041888,-52.5,1.1514,0.2535651007998907,58.35950721885899,2.0359406790876604,0.22973413965951775,0.0,0
395,-10.837696335078537,-52.5,1.1514,-0.05757236815222355,46.7917444270609,2.54313619616744,0.2061151316192264,0.0,0
396,-9.895287958115185,-52.5,1.1514,-0.5139569702689595,58.42050297751245,3.281858105522456,0.1622969508881009,0.0,0
397,-8.952879581151834,-52.5,1.1514,-0.8770269049692397,76.6454126649812,3.992756874121053,0.06548851777993998,0.0,0
398,-8.010471204188482,-52.5,1.1514,-1.2391888045326016,66.25169699522284,5.159457791781135,0.02249710995695461,0.0,0
399,-7.0680628272251305,-52.5,1.1514,-1.5907370117231077,20.344920585848488,6.52505928916394,0.0001465337653672405,0.0,0
400,-6.12565445026178,-52.5,1.1514,-1.880886617109163,9.719913071704438,8.145599277987436,0.00013041725988581108,0.0,0
401,-5.183246073298429,-52.5,1.1514,-2.263268515418481,45.685069128219844,9.942016047753162,0.002568751911361261,0.0,0
402,-4.2408376963350785,-52.5,1.1514,-2.2767508341429963,34.12040520118243,11.83309055717235,0.013800121654654036,0.0,0
403,-3.298429319371728,-52.5,1.1514,0.07807323660330834,7.445873945322584,13.926289939319934,0.019437014106451607,0.0,0
404,-2.356020942408377,-52.5,1.1514,9.592439773759976,60.31371165710319,16.734735094863137,0.39575245901081724,0.0,0
405,-1.4136125654450262,-52.5,1.1514,24.49087415797614,13.466167220765529,19.799705638752368,0.08735990451420284,0.0,0
406,-0.4712041884816754,-52.5,1.1514,41.08777921008317,41.09729608414981,19.90181785269579,0.27574459037941,0.0,0
407,0.4712041884816754,-52.5,1.1514,51.914881564173086,41.111988001116615,20.95469053474644,0.2611626342088238,0.0,0
408,-8.952879581151834,-51.25,1.1514,-1.0610020265028144,10.690156573415974,4.396148807475388,0.0026627850910483355,0.0,0
409,-8.010471204188482,-51.25,1.1514,-1.3842920579818887,38.65974675639901,5.537950362151599,0.0005667344517493885,0.0,0
410,-7.0680628272251305,-51.25,1.1514,-1.7194762362267868,27.475248980647876,7.110804160612202,4.332679971703793e-05,0.0,0
411,-5.183246073298429,-51.25,1.1514,-2.449244793253244,46.68771637830629,10.810066328948372,0.001634178630551104,0.0,0
412,-4.2408376963350785,-51.25,1.1514,-2.5900420091980383,21.7919244379124,13.09484473184983,0.004833879957238864,0.0,0
413,-3.298429319371728,-51.25,1.1514,-0.058992068735569614,1.3461041943584287,14.490466135960984,0.0026931457939101764,0.0,0
414,-2.356020942408377,-51.25,1.1514,8.51826495658461,16.275039064375086,16.701173314203984,0.05960995924867345,0.0,0
415,-3.298429319371728,-50.0,1.1514,-0.5246860681727559,5.227073615576096,14.991828685106947,0.005358488526130747,0.0,0
0,-6.12565445026178,-78.75,3.112,5.314737556399946,24.49815735745048,0.15414770107953205,1.891632087732465,0.0,0
1,-5.183246073298429,-78.75,3.112,14.252897155393251,44.920803739490495,0.31344815063355724,5.728027050171893,0.0,0
2,-4.2408376963350785,-78.75,3.112,27.751387403132167,43.93502948782621,0.4370787089693062,9.02371307578324,0.0,0
3,-3.298429319371728,-78.75,3.112,26.03773867485828,32.93218625550075,0.4444033826527871,8.087689286788988,0.0,0
4,-2.356020942408377,-78.75,3.112,27.615075696483192,69.57596107473364,0.7388670777736526,19.927491586183805,0.0,0
5,-1.4136125654450262,-78.75,3.112,35.52911155471425,57.6175918833178,0.933399552976733,25.240632286966488,0.0,0
6,-8.952879581151834,-77.5,3.112,2.806982019760258,34.27136449596152,0.16084933181916555,1.832177969054831,0.0,0
7,-8.010471204188482,-77.5,3.112,5.622921264489527,39.512101381247966,0.26619752933627194,3.5843858188880615,0.0,0
8,-7.0680628272251305,-77.5,3.112,11.167162358504587,37.57673968792912,0.40368241646728914,5.922931734349147,0.0,0
9,-6.12565445026178,-77.5,3.112,11.845852569485237,31.978320671896494,0.616169202090988,3.624106950889018,0.0,0
10,-5.183246073298429,-77.5,3.112,20.393648465355746,64.4076929203528,0.9809813328193092,7.55945372731826,0.0,0
11,-4.2408376963350785,-77.5,3.112,29.708552276459578,84.2435225174443,1.4547196054551614,14.665907994237763,0.0,0
12,-3.298429319371728,-77.5,3.112,49.07479671126989,37.228298914340215,1.5255238711132533,10.645674502786461,0.0,0
13,-2.356020942408377,-77.5,3.112,70.47173515173242,51.463320620972944,2.355059251697617,19.766893086560167,0.0,0
14,-1.4136125654450262,-77.5,3.112,96.55726568646385,39.806260076694585,2.2819871704870285,21.795502765491538,0.0,0
15,-0.4712041884816754,-77.5,3.112,101.23669745470441,45.99924601674354,1.1983347180274755,34.67007927817757,0.0,0
16,0.4712041884816754,-77.5,3.112,69.3868421348518,44.935391263394145,0.7688241561047408,28.701044879378557,0.0,0
17,-10.837696335078537,-76.25,3.112,4.959689931096489,43.120653179586526,0.234295455951408,2.9188384156009772,0.0,0
18,-9.895287958115185,-76.25,3.112,11.712158506563371,46.46773113776795,0.5990369066342445,6.155147318144978,0.0,0
19,-8.952879581151834,-76.25,3.112,26.799394193988185,29.91869864299934,1.3248879967952871,8.076403750242788,0.0,0
20,-8.010471204188482,-76.25,3.112,21.766464444137082,56.787573483845975,1.9232609620316845,9.535311346727724,0.0,0
21,-7.0680628272251305,-76.25,3.112,21.1443121801381,54.12466259439119,1.9360818162454945,8.063292069271379,0.0,0
22,-6.12565445026178,-76.25,3.112,20.54371991133581,34.0200384987762,2.086099887217555,4.6920605407301235,0.0,0
23,-5.183246073298429,-76.25,3.112,18.58219822996524,88.29564690633246,2.7197060779033673,11.61555938261244,0.0,0
24,-4.2408376963350785,-76.25,3.112,20.8623901293907,90.65107177919813,3.087389602484366,13.622280562822866,0.0,0
25,-3.298429319371728,-76.25,3.112,27.582299734390563,91.82636435364498,3.5921554421697666,15.896747692680728,0.0,0
26,-2.356020942408377,-76.25,3.112,34.1961721798562,93.10291721592449,4.370245375601628,17.902133082692472,0.0,0
27,-1.4136125654450262,-76.25,3.112,42.481671943973126,94.13137785296908,4.8195954171189745,17.772517590769315,0.0,0
28,-0.4712041884816754,-76.25,3.112,70.32258007390104,61.31497441294721,4.501349428149393,15.879474123283066,0.0,0
29,0.4712041884816754,-76.25,3.112,147.63125153249666,53.85310430143203,2.993331426241106,31.286564647967687,0.0,0
30,1.4136125654450262,-76.25,3.112,158.16630571964708,4.800799887196099,0.3429047972919692,4.160470847033816,0.0,0
31,-13.664921465968591,-75.0,3.112,0.059486695842031256,7.242705931088321,0.022206678228695532,0.03957523556897422,0.0,0
32,-12.72251308900524,-75.0,3.112,6.121077081680668,33.94909601971902,0.2747414735244365,3.1444160310788307,0.0,0
33,-11.780104712041888,-75.0,3.112,13.29814000714573,47.536241297040675,0.7850747288580674,7.5182079220632225,0.0,0
34,-10.837696335078537,-75.0,3.112,31.915692954372744,35.6615097260851,2.918828234689803,12.778456718209966,0.0,0
35,-9.895287958115185,-75.0,3.112,17.707616822474005,54.746438284234735,4.31738245820418,8.126928811293482,0.0,0
36,-8.952879581151834,-75.0,3.112,8.865843439142626,33.00045425509219,4.2735212937095,2.8329444291095935,0.0,0
37,-8.010471204188482,-75.0,3.112,7.481789323847664,61.372563000711736,3.7697505858278384,4.9968282145399,0.0,0
38,-7.0680628272251305,-75.0,3.112,10.683026879845645,83.8912347562937,3.3780486376580265,8.277893963899999,0.0,0
39,-6.12565445026178,-75.0,3.112,15.717630846066516,85.60663605563549,3.3976271324173073,11.80890932229353,0.0,0
40,-5.183246073298429,-75.0,3.112,25.904729248074496,85.96207629757639,3.8608999916029942,18.330308434787444,0.0,0
41,-4.2408376963350785,-75.0,3.112,36.97718249142687,86.24583852917512,4.146284259363824,26.286208421554186,0.0,0
42,-3.298429319371728,-75.0,3.112,49.179010311058754,87.9661449646511,4.915568515172945,32.45488320368565,0.0,0
43,-2.356020942408377,-75.0,3.112,61.05493886910257,90.70097106471472,5.902943506597659,35.747795610378645,0.0,0
44,-1.4136125654450262,-75.0,3.112,77.48351722495221,90.93126711784161,6.462181888986524,39.064402862312676,0.0,0
45,-0.4712041884816754,-75.0,3.112,88.78514932164377,84.45429527102566,6.513032797082258,32.34449393868593,0.0,0
46,0.4712041884816754,-75.0,3.112,86.63192731747147,88.32402424096762,5.8384694404657465,25.076080439324745,0.0,0
47,1.4136125654450262,-75.0,3.112,128.35517476265935,21.07817641267748,2.5489006280242714,8.314987352192045,0.0,0
48,2.356020942408377,-75.0,3.112,180.80929573312352,3.8493112473064475,0.45400750005173945,2.4105839217015124,0.0,0
49,-14.607329842931941,-73.75,3.112,0.2955600444301386,15.505361044016581,0.14869946495769135,0.27908290694011767,0.0,0
50,-13.664921465968591,-73.75,3.112,7.923354179776387,43.97981701415419,0.875394074226125,3.3487180830311676,0.0,0
51,-12.72251308900524,-73.75,3.112,20.403232604333407,54.087781698242935,1.7224445476826282,7.122978318041486,0.0,0
52,-11.780104712041888,-73.75,3.112,26.36255489004685,64.87238728557922,4.888776356696737,17.489347701856275,0.0,0
53,-10.837696335078537,-73.75,3.112,10.308667031857167,71.4422910675802,5.1811321351995225,4.778143501886097,0.0,0
54,-9.895287958115185,-73.75,3.112,7.092846659601819,79.09408424755506,5.03627521156127,4.700400546034383,0.0,0
55,-8.952879581151834,-73.75,3.112,8.356399653571415,73.58286962699594,4.703231735274657,6.015835519656219,0.0,0
56,-8.010471204188482,-73.75,3.112,10.261359851894301,57.93862278381264,4.146248871165615,7.129988697123304,0.0,0
57,-7.0680628272251305,-73.75,3.112,13.519903382127884,65.90079885267845,3.942680173275811,9.418979828170404,0.0,0
58,-6.12565445026178,-73.75,3.112,19.58784911917476,85.56073773439655,4.243106389520306,14.854072918041659,0.0,0
59,-5.183246073298429,-73.75,3.112,26.632730613915278,84.12589181973038,4.743196663598697,17.121253145469765,0.0,0
60,-4.2408376963350785,-73.75,3.112,31.98536861061909,88.0121534775314,5.024172143649559,18.44834401697763,0.0,0
61,-3.298429319371728,-73.75,3.112,43.37587841881076,89.35861883836237,6.158501743555093,21.919370045135963,0.0,0
62,-2.356020942408377,-73.75,3.112,56.19662245420734,91.99495150665786,7.350273272020528,23.156287903246046,0.0,0
63,-1.4136125654450262,-73.75,3.112,81.13233884508772,79.5854997483273,8.144601255653885,26.502506586209563,0.0,0
64,-0.4712041884816754,-73.75,3.112,103.59233247613687,90.51957387749303,8.30451932081947,37.76594143477643,0.0,0
65,0.4712041884816754,-73.75,3.112,131.04850309048723,92.68244233703842,8.234469834199853,41.746346759925736,0.0,0
66,1.4136125654450262,-73.75,3.112,142.2714738697332,87.52750852141476,6.713706741870486,32.193351321896245,0.0,0
67,-14.607329842931941,-72.5,3.112,1.1185490715911381,25.778161243215735,0.612722657967962,0.645202866925513,0.0,0
68,-13.664921465968591,-72.5,3.112,6.746057671421993,46.80457823772145,1.6275890448264072,2.971934061154434,0.0,0
69,-12.72251308900524,-72.5,3.112,12.094897712559042,52.5255366525028,3.6381150006493845,6.005287121915162,0.0,0
70,-11.780104712041888,-72.5,3.112,12.53236759680495,75.56110895358526,4.608450575191358,5.584201230119565,0.0,0
71,-10.837696335078537,-72.5,3.112,6.708229540817439,80.00381865100616,4.290993274128737,2.9673908868621934,0.0,0
72,-9.895287958115185,-72.5,3.112,6.6867738743483525,81.00881341873901,4.1478058235729725,3.571480214818629,0.0,0
73,-8.952879581151834,-72.5,3.112,6.615948386518733,72.39958392894313,4.138441726830195,4.810908288777855,0.0,0
74,-8.010471204188482,-72.5,3.112,6.706880005885691,26.124507184455794,4.169631256455796,1.6807074795186407,0.0,0
75,-7.0680628272251305,-72.5,3.112,9.078280417095241,39.023660365148956,4.270802785168661,3.247230090175222,0.0,0
76,-6.12565445026178,-72.5,3.112,13.73523968929512,88.48426219239518,4.727417837549023,10.708340525842583,0.0,0
77,-5.183246073298429,-72.5,3.112,22.488061684114218,88.97674169721185,5.321857834765043,14.97441141878032,0.0,0
78,-4.2408376963350785,-72.5,3.112,31.78533697514965,79.39831515450797,5.822924424128858,15.14733558702055,0.0,0
79,-3.298429319371728,-72.5,3.112,42.685943771076495,90.55252501306482,7.248222585611552,18.071377798060343,0.0,0
80,-2.356020942408377,-72.5,3.112,59.78424476804677,87.46641461486345,8.547992698826786,19.926528039989204,0.0,0
81,-1.4136125654450262,-72.5,3.112,85.55170545501728,92.85736987263935,9.90947344981944,27.331436848295787,0.0,0
82,-0.4712041884816754,-72.5,3.112,108.03808767188856,92.99393256628244,10.609548894762538,32.83251998318615,0.0,0
83,0.4712041884816754,-72.5,3.112,137.81013302699992,92.65768655598222,10.737379565916497,37.17406714749842,0.0,0
84,1.4136125654450262,-72.5,3.112,186.02313541554258,91.64398078153715,9.524732634004453,41.73299165464024,0.0,0
85,-14.607329842931941,-71.25,3.112,2.0855311948549784,22.139291024756602,0.6852707583348195,0.6625172719182681,0.0,0
86,-13.664921465968591,-71.25,3.112,10.30386437767351,56.502632509938984,2.3765946252841923,3.5470944624879586,0.0,0
87,-12.72251308900524,-71.25,3.112,14.292088901390681,46.52458756341647,3.4302324105283244,5.406290198389871,0.0,0
88,-11.780104712041888,-71.25,3.112,8.729267326335357,77.1598432593622,3.7544937382707735,3.3413684759578484,0.0,0
89,-10.837696335078537,-71.25,3.112,5.014040578055934,77.9638433836707,3.431951941243157,1.8467163758322096,0.0,0
90,-9.895287958115185,-71.25,3.112,4.72944920400322,78.14867267854697,3.428538501426854,2.2103531897044797,0.0,0
91,-8.952879581151834,-71.25,3.112,5.1991381696013335,56.424555094443065,3.6383744390247172,2.0755380454655996,0.0,0
92,-8.010471204188482,-71.25,3.112,6.642126376947172,11.563182881378014,3.999314823355693,0.6198023095695784,0.0,0
93,-7.0680628272251305,-71.25,3.112,9.132829952162286,53.289965088347735,4.5342009096649445,3.558349534752912,0.0,0
94,-6.12565445026178,-71.25,3.112,12.244459244290056,84.91628106107574,5.158368099506655,7.702668375980682,0.0,0
95,-5.183246073298429,-71.25,3.112,19.087899176491366,91.14494735142196,5.8808970448132785,10.511750422671243,0.0,0
96,-4.2408376963350785,-71.25,3.112,29.434956603995552,89.19049055050456,6.867713254851523,12.379879042501784,0.0,0
97,-3.298429319371728,-71.25,3.112,41.90769144075915,94.01036029783546,8.342595789992144,16.10747687171654,0.0,0
98,-2.356020942408377,-71.25,3.112,59.16703998134946,90.30127053486524,10.163716026627242,20.26377755610246,0.0,0
99,-1.4136125654450262,-71.25,3.112,80.7011321794666,97.35825538732156,11.87378883332591,26.543960398518553,0.0,0
100,-0.4712041884816754,-71.25,3.112,103.34989084993236,95.30854912867653,12.593548702816713,29.514023865955256,0.0,0
101,0.4712041884816754,-71.25,3.112,141.7445030370607,94.96119914139854,12.784403548536426,33.889481396327284,0.0,0
102,1.4136125654450262,-71.25,3.112,179.480423430288,82.06661110755358,10.980575512792418,33.42717080673034,0.0,0
103,-13.664921465968591,-70.0,3.112,19.485590871373798,58.36415354335344,2.5240332220297543,8.982003151778981,0.0,0
104,-12.72251308900524,-70.0,3.112,14.087160015388154,40.39842877629866,3.520803072008261,3.32429381619837,0.0,0
105,-11.780104712041888,-70.0,3.112,5.5177016869005655,54.33023910705492,3.1524318389384747,1.4620618340890466,0.0,0
106,-10.837696335078537,-70.0,3.112,4.819132320144458,35.82404279655191,2.9400738409750935,1.0391411680229234,0.0,0
107,-9.895287958115185,-70.0,3.112,3.5954257429578997,61.95789482077403,3.11371608343148,1.759765281561555,0.0,0
108,-8.952879581151834,-70.0,3.112,3.6739700273719933,34.03042126192255,3.3950387809424196,1.1215626378200543,0.0,0
109,-8.010471204188482,-70.0,3.112,4.680794682343549,26.593520617723094,3.8877410854381824,0.9277448247532925,0.0,0
110,-7.0680628272251305,-70.0,3.112,8.20992285266136,50.92948311306325,4.580235864297423,2.48813974751136,0.0,0
111,-6.12565445026178,-70.0,3.112,11.24830229108569,90.70063278302051,5.408991087235722,5.8175490529708895,0.0,0
112,-5.183246073298429,-70.0,3.112,17.58664790989821,91.11365832384432,6.37365623309359,8.508545581311244,0.0,0
113,-4.2408376963350785,-70.0,3.112,26.64052288538133,78.91518532548986,7.696315302673316,9.542390229137162,0.0,0
114,-3.298429319371728,-70.0,3.112,43.53068997197362,89.39177951944136,9.211644277796335,14.629710069440257,0.0,0
115,-2.356020942408377,-70.0,3.112,59.01569814599003,94.09866332155025,11.333940464995168,19.420879784950248,0.0,0
116,-1.4136125654450262,-70.0,3.112,76.2304309558834,95.6671098561894,13.226154099225933,22.504872041995142,0.0,0
117,-0.4712041884816754,-70.0,3.112,103.83314225727098,97.18338892073538,13.996178341755208,26.88680673908921,0.0,0
118,0.4712041884816754,-70.0,3.112,143.59243306530433,99.16776172937486,14.389453363500166,32.68807012655226,0.0,0
119,1.4136125654450262,-70.0,3.112,180.59504133485646,94.93330952288333,12.140255869783916,34.67960216678689,0.0,0
120,-15.549738219895294,-68.75,3.112,10.172695040456276,68.66090021379591,1.9137253558003218,7.510108046347926,0.0,0
121,-14.607329842931941,-68.75,3.112,18.724336796837594,51.04095603450806,1.904816428887605,9.109146207772993,0.0,0
122,-13.664921465968591,-68.75,3.112,23.72527606338999,68.83277865705116,2.7399281963589086,9.98526766159122,0.0,0
123,-12.72251308900524,-68.75,3.112,5.380326763557196,64.66327201690746,2.9222481332030705,1.8534846876218802,0.0,0
124,-11.780104712041888,-68.75,3.112,3.902627563302695,30.870333081182057,2.604622506610298,0.7175212126384475,0.0,0
125,-10.837696335078537,-68.75,3.112,3.985834116669441,12.627705650820602,2.6597128704917465,0.3435773831177605,0.0,0
126,-9.895287958115185,-68.75,3.112,3.2905001360095385,41.66541182889264,2.884702129629124,1.0345028567600925,0.0,0
127,-8.952879581151834,-68.75,3.112,3.524758438369512,5.255462055745322,3.172818415602738,0.1222635691957836,0.0,0
128,-8.010471204188482,-68.75,3.112,4.922209356783373,66.35439261877731,3.746575841753399,2.054769015656995,0.0,0
129,-7.0680628272251305,-68.75,3.112,7.698036016878531,89.00949209426884,4.567476291970705,3.6580219742195217,0.0,0
130,-6.12565445026178,-68.75,3.112,10.542115915593852,91.80588751895574,5.587367644969735,5.048997866202374,0.0,0
131,-5.183246073298429,-68.75,3.112,16.19145590472382,91.7848641259554,6.795283806049428,7.941254782145997,0.0,0
132,-4.2408376963350785,-68.75,3.112,27.960873358717095,93.02745280535981,8.21895064949239,12.163464185203004,0.0,0
133,-3.298429319371728,-68.75,3.112,39.97685938994076,97.4380900732446,10.250250650824036,14.817651369113783,0.0,0
134,-2.356020942408377,-68.75,3.112,59.52704987424365,96.90417224760041,12.473983468161524,19.153902529962593,0.0,0
135,-1.4136125654450262,-68.75,3.112,80.47334483941067,99.69960310099489,14.375471330933099,21.46790256227864,0.0,0
136,-0.4712041884816754,-68.75,3.112,110.10274419845601,101.49570575710733,15.449001554170795,27.751878056454707,0.0,0
137,0.4712041884816754,-68.75,3.112,152.41081298373916,99.99703631289145,15.788015698956864,34.046359864496154,0.0,0
138,1.4136125654450262,-68.75,3.112,207.89470364050888,97.83308930986964,14.48842204046138,39.885734853277725,0.0,0
139,2.356020942408377,-68.75,3.112,252.90046451617744,91.33658095160568,10.46791031728126,36.00015916478,0.0,1
140,-16.492146596858646,-67.5,3.112,20.499335579771188,28.144449080946103,1.344352402847164,6.584991196675563,0.0,0
141,-15.549738219895294,-67.5,3.112,30.123691179627265,30.07463775324898,1.7250286771723222,8.276017376927516,0.0,0
142,-14.607329842931941,-67.5,3.112,18.312331449665802,55.07431086075785,2.3816663243542253,4.652528447623725,0.0,0
143,-13.664921465968591,-67.5,3.112,5.015621690049432,64.53219474022559,2.491702735891524,1.445012136059613,0.0,0
144,-12.72251308900524,-67.5,3.112,2.5413347142887286,71.60685684674775,2.1697342390554653,1.6798039213357272,0.0,0
145,-11.780104712041888,-67.5,3.112,3.40461450158376,70.34044302445086,2.2293431858249626,1.585735663782608,0.0,0
146,-10.837696335078537,-67.5,3.112,3.2546503666839617,33.500333725862724,2.4860886785374623,0.448852698014285,0.0,0
147,-9.895287958115185,-67.5,3.112,2.940666173722719,3.6450476256480973,2.71549928897426,0.050366039378937966,0.0,0
148,-8.952879581151834,-67.5,3.112,3.3560022418407778,30.65742847612191,3.1307572033964473,0.5108050431270399,0.0,0
149,-8.010471204188482,-67.5,3.112,5.083391506934582,84.1777618653453,3.6409552809620447,2.3970845112887993,0.0,0
150,-7.0680628272251305,-67.5,3.112,6.831793402424625,74.52397531625948,4.548281382555593,2.5162748953595386,0.0,0
151,-6.12565445026178,-67.5,3.112,7.086997321480247,89.52085261765511,5.64668585382635,3.421620854714339,0.0,0
152,-5.183246073298429,-67.5,3.112,12.8016877779528,92.97317079160932,6.91661415840987,5.8413247484754045,0.0,0
153,-4.2408376963350785,-67.5,3.112,22.1537394007051,93.29014176266931,8.558391893448631,8.419551435927538,0.0,0
154,-3.298429319371728,-67.5,3.112,34.716279870653096,93.45480319095594,10.757887485904096,11.09842816315424,0.0,0
155,-2.356020942408377,-67.5,3.112,53.36682178713828,99.60290231024284,13.162964765108379,15.331735356530498,0.0,0
156,-1.4136125654450262,-67.5,3.112,79.78618959167024,101.244142354262,15.121140910369041,19.87798297242545,0.0,0
157,-0.4712041884816754,-67.5,3.112,108.36522223536251,101.53640167053547,16.534305000888693,25.789792536192316,0.0,0
158,0.4712041884816754,-67.5,3.112,148.72244058578602,103.66496928003133,17.571194303730852,33.470809003641406,0.0,0
159,1.4136125654450262,-67.5,3.112,208.931357244039,91.77760483719977,16.564013795693477,36.87612646599659,0.0,0
160,2.356020942408377,-67.5,3.112,298.60401979958584,72.27604270309249,12.994112371558545,33.228484551471766,0.0,1
161,-18.376963350785346,-66.25,3.112,6.974214436874305,23.78021029996505,0.29797520926431437,2.969402383628938,0.0,0
162,-17.434554973821996,-66.25,3.112,18.88254314747638,32.73683268329897,0.9071294774823001,5.0585139489240785,0.0,0
163,-16.492146596858646,-66.25,3.112,41.14931370184898,52.795578011860364,1.2601824691094436,22.013526725097847,0.0,0
164,-15.549738219895294,-66.25,3.112,19.860037505989872,68.84547995911615,1.8018717354189557,7.015443176102913,0.0,0
165,-14.607329842931941,-66.25,3.112,5.215412083726082,73.87995959639431,1.8930293878700453,1.6790074964577466,0.0,0
166,-13.664921465968591,-66.25,3.112,2.9866820608756526,34.085702032693476,0.8591405777708958,1.1468827468139846,0.0,0
167,-12.72251308900524,-66.25,3.112,2.740271072706848,84.80226855666842,2.1459944539007885,1.171997071531307,0.0,0
168,-11.780104712041888,-66.25,3.112,2.223545417932896,79.60637606593775,2.1365692164747694,0.7784562884605544,0.0,0
169,-10.837696335078537,-66.25,3.112,2.2227396048971935,65.92097503220137,2.349904713394163,0.5680743205341412,0.0,0
170,-9.895287958115185,-66.25,3.112,2.6071583056955046,54.181936189653705,2.680554603536732,0.6273194170154037,0.0,0
171,-8.952879581151834,-66.25,3.112,3.9429491295757377,45.19332450537201,3.048638770251453,0.9231431792853965,0.0,0
172,-8.010471204188482,-66.25,3.112,5.004227693731249,75.07063513166071,3.68557427196552,2.115081509429748,0.0,0
173,-7.0680628272251305,-66.25,3.112,5.02543957941066,80.58612919478516,4.4896960240455615,2.469840736143525,0.0,0
174,-6.12565445026178,-66.25,3.112,5.666645686530731,90.5021995709544,5.672212648216316,2.8398434381181197,0.0,0
175,-5.183246073298429,-66.25,3.112,10.720528271847801,92.18814714094638,7.058675630992977,4.737696987592956,0.0,0
176,-4.2408376963350785,-66.25,3.112,16.33087226629528,93.96225751991362,8.818303409513291,5.53808741047607,0.0,0
177,-3.298429319371728,-66.25,3.112,30.73405755020021,92.65686599657221,11.01905754046238,8.83781839656527,0.0,0
178,-2.356020942408377,-66.25,3.112,48.948055464363875,101.20317812290838,13.715849812546448,12.702037123805383,0.0,0
179,-1.4136125654450262,-66.25,3.112,68.80519394959657,99.98686825681943,15.72184008187707,15.586211203576063,0.0,0
180,-0.4712041884816754,-66.25,3.112,97.8849411421459,93.39294578274622,17.28572371636718,19.007826748671484,0.0,0
181,0.4712041884816754,-66.25,3.112,136.2312994406076,92.34510324770397,18.28206941324682,25.290398256989455,0.0,0
182,1.4136125654450262,-66.25,3.112,175.59621229329602,91.78178669829136,17.786200953601934,28.359309006564523,0.0,0
183,2.356020942408377,-66.25,3.112,246.7994268858621,94.7983464523397,15.10330736826169,30.631776060154237,0.0,1
184,-18.376963350785346,-65.0,3.112,14.029284504518543,40.81282435261619,0.43019589071445963,7.301049467686529,0.0,0
185,-17.434554973821996,-65.0,3.112,27.202780648786074,20.98962021482357,0.7776844075158301,5.177502749568143,0.0,0
186,-16.492146596858646,-65.0,3.112,22.16317411748095,63.382252776275365,1.1979121982123602,6.6239014805608045,0.0,0
187,-15.549738219895294,-65.0,3.112,7.059347353523107,43.88974304818331,0.9021923993959867,2.1469600441029355,0.0,0
188,-14.607329842931941,-65.0,3.112,3.6546671388623624,58.82798100505016,1.2086104124623527,1.131424351432917,0.0,0
189,-13.664921465968591,-65.0,3.112,2.472158615134026,43.942182881537946,0.9338597630924781,0.6735298664769092,0.0,0
190,-12.72251308900524,-65.0,3.112,2.1285732768918506,54.74950491043355,1.225028633233252,0.47826743788993287,0.0,0
191,-11.780104712041888,-65.0,3.112,0.8664897745159506,69.27549514204381,1.8926567356465736,0.2706512918775632,0.0,0
192,-10.837696335078537,-65.0,3.112,0.6307901134464062,43.2351876865348,2.1766000075851584,0.16469590439476012,0.0,0
193,-9.895287958115185,-65.0,3.112,1.77220218923481,13.38128395111057,2.517612614251657,0.13747650289036378,0.0,0
194,-8.952879581151834,-65.0,3.112,2.767602606780256,30.09211805535171,2.91800267810301,0.5922292555405312,0.0,0
195,-8.010471204188482,-65.0,3.112,2.440854497596823,61.50629888145598,3.5503378458922024,1.178143176266224,0.0,0
196,-7.0680628272251305,-65.0,3.112,2.1273760842482705,54.87591386929749,4.50163177929041,0.9017246581531534,0.0,0
197,-6.12565445026178,-65.0,3.112,3.932061756341067,89.23985411688801,5.6702469172780825,1.9740497583368324,0.0,0
198,-5.183246073298429,-65.0,3.112,8.836205037215677,57.85187600272369,7.207469677135447,2.376709411975285,0.0,0
199,-4.2408376963350785,-65.0,3.112,17.128939986195846,57.73530864066918,9.130747791041955,3.297443667313176,0.0,0
200,-3.298429319371728,-65.0,3.112,25.289345381447646,74.48316379665503,11.411166480418517,5.112652601131326,0.0,0
201,-2.356020942408377,-65.0,3.112,41.59346305046232,101.89174284952274,13.767477569960409,9.354356551081182,0.0,0
202,-1.4136125654450262,-65.0,3.112,68.1371029092488,99.68053531621214,16.18491401436935,14.866236620356386,0.0,0
203,-0.4712041884816754,-65.0,3.112,95.12348241322609,100.739395772337,18.569341336055334,17.623090805860183,0.0,0
204,0.4712041884816754,-65.0,3.112,139.19414360758748,97.90066428282896,19.521771877675757,22.43945915508055,0.0,0
205,1.4136125654450262,-65.0,3.112,178.4854665944001,103.60358765024426,19.90683602338379,25.009196831980958,0.0,0
206,-20.261780104712045,-63.75,3.112,6.514264489413813,6.990040485726096,0.0,0.2627974902333915,0.0,0
207,-19.319371727748695,-63.75,3.112,7.52706221527014,21.947929765741005,0.36744995285333865,2.30735964978705,0.0,0
208,-18.376963350785346,-63.75,3.112,12.044788070997095,27.304059245766734,0.4987853248876166,4.1562071711466455,0.0,0
209,-17.434554973821996,-63.75,3.112,16.689291293647617,8.78709245410185,0.6075111470464424,1.1578395216860393,0.0,0
210,-16.492146596858646,-63.75,3.112,10.321900790656432,38.265845718031386,0.651567473108378,2.6633727669429996,0.0,0
211,-15.549738219895294,-63.75,3.112,5.081752928165371,44.8706420158045,0.813501995281384,0.9710921906910992,0.0,0
212,-14.607329842931941,-63.75,3.112,3.0320854836966538,54.532188767953485,1.016249711681715,0.40031834822865836,0.0,0
213,-13.664921465968591,-63.75,3.112,1.9170888122392988,64.99435298680591,1.212832003849384,0.30763779610648934,0.0,0
214,-12.72251308900524,-63.75,3.112,1.3578594224056102,73.49282000204805,1.4649237130147765,0.19245535391018248,0.0,0
215,-11.780104712041888,-63.75,3.112,0.8361686298514344,23.78894033209685,1.5896003260889198,0.09731154118802042,0.0,0
216,-10.837696335078537,-63.75,3.112,1.8759185978850184,49.964720725741216,1.593071726533648,0.5749604476370642,0.0,0
217,-9.895287958115185,-63.75,3.112,1.3527118970166638,12.908680496157613,2.36747054654715,0.15983998541210107,0.0,0
218,-8.952879581151834,-63.75,3.112,0.7626367113826746,4.129800435943167,2.944193307471375,0.04885372179764187,0.0,0
219,-8.010471204188482,-63.75,3.112,0.3520256667878283,18.744909569443923,3.440585976959187,0.19280081573385754,0.0,0
220,-7.0680628272251305,-63.75,3.112,0.21136920120706648,31.627853643104007,4.301798433982435,0.22884525849958087,0.0,0
221,-6.12565445026178,-63.75,3.112,1.8927701810583892,81.31927344669836,5.780622437510762,1.071744555930517,0.0,0
222,-5.183246073298429,-63.75,3.112,7.243447487023318,82.55367566493761,7.187424452237333,2.4701088782014886,0.0,0
223,-4.2408376963350785,-63.75,3.112,14.992952400892348,40.446903959094634,9.457569598959928,1.6865423709498424,0.0,0
224,-3.298429319371728,-63.75,3.112,22.366207891272513,97.66805337740831,11.479110245688283,5.406264211293861,0.0,0
225,-2.356020942408377,-63.75,3.112,38.155454157473436,95.71500305145962,13.678047800481089,8.51321037402327,0.0,0
226,-1.4136125654450262,-63.75,3.112,66.49123624943036,98.591980855569,16.719246432931826,13.94144489599038,0.0,0
227,-0.4712041884816754,-63.75,3.112,96.01865618175579,104.93809201936602,19.959577750901094,17.081923757264427,0.0,0
228,0.4712041884816754,-63.75,3.112,141.58631745334043,101.8736897146707,20.99629722463804,21.170348517460244,0.0,0
229,1.4136125654450262,-63.75,3.112,197.6813807349619,86.82275637895532,20.558367302602107,20.19433446701122,0.0,0
230,3.298429319371728,-63.75,3.112,292.95482958156737,109.22530444602734,9.619750648412694,30.84851414688318,0.0,3
231,-19.319371727748695,-62.5,3.112,5.413083579466229,16.753430671853792,0.28257262033399766,1.2043661636090897,0.0,0
232,-18.376963350785346,-62.5,3.112,7.921219647236352,6.557751518590239,0.26703724663286194,0.8576464511232864,0.0,0
233,-17.434554973821996,-62.5,3.112,9.929153425233617,3.8000764871307715,0.2719134143017131,0.34008608568523807,0.0,0
234,-16.492146596858646,-62.5,3.112,8.74389360668207,24.741855757934182,0.42915975969373316,1.000528477839101,0.0,0
235,-15.549738219895294,-62.5,3.112,7.109290441331419,19.64959803489684,0.4678151691631022,0.4977979991255357,0.0,0
236,-14.607329842931941,-62.5,3.112,3.2912132615472522,42.67164431915951,0.7290116049802905,0.3170858856009776,0.0,0
237,-13.664921465968591,-62.5,3.112,1.8190824227127378,69.57148682084492,1.1721240571526146,0.19876856929360337,0.0,0
238,-12.72251308900524,-62.5,3.112,0.9444627051179852,74.97019357845075,1.4161244836614708,0.13955108286629878,0.0,0
239,-11.780104712041888,-62.5,3.112,1.5565791442070642,29.563492908114515,1.4700392087168255,0.23420343167303517,0.0,0
240,-10.837696335078537,-62.5,3.112,1.0503087552405173,39.948288304948946,1.7248828392941165,0.3725495983170998,0.0,0
241,-9.895287958115185,-62.5,3.112,0.30238593731713825,0.8983547936523546,1.9663519720749751,0.006252302001031066,0.0,0
242,-8.952879581151834,-62.5,3.112,-0.48851413199328475,14.945766022775345,2.895976145018751,0.05244299547051438,0.0,0
243,-8.010471204188482,-62.5,3.112,-0.6140212304397574,23.009131743128414,3.506422546593668,0.08762726873820902,0.0,0
244,-7.0680628272251305,-62.5,3.112,-0.45298031238626757,10.21868824376629,4.556127391567266,0.04468684524167419,0.0,0
245,-6.12565445026178,-62.5,3.112,1.1539869180753013,34.050115383269,5.880279300437603,0.31086281740711796,0.0,0
246,-5.183246073298429,-62.5,3.112,5.591437771147588,88.02806005158105,7.505447973926358,1.8982076975532916,0.0,0
247,-4.2408376963350785,-62.5,3.112,14.163117201278668,41.30735496351054,9.990275335898152,1.605281556710999,0.0,0
248,-3.298429319371728,-62.5,3.112,19.92408377122723,90.9846679003924,11.806880503045871,4.633370009362334,0.0,0
249,-2.356020942408377,-62.5,3.112,34.08267330657646,88.73768610757821,14.166294510193588,7.411869449130609,0.0,0
250,-1.4136125654450262,-62.5,3.112,61.119189913444785,59.452190368236266,17.58834148500757,7.45350643865765,0.0,0
251,-0.4712041884816754,-62.5,3.112,96.6148586966022,96.65165816108748,20.02213242813471,16.49257667629102,0.0,0
252,0.4712041884816754,-62.5,3.112,157.87325514670846,98.80347260116295,22.127679870780756,21.619120624505925,0.0,0
253,1.4136125654450262,-62.5,3.112,229.12580489910263,72.70237462042054,22.193002599317147,19.394282736242175,0.0,0
254,2.356020942408377,-62.5,3.112,286.63012920288156,95.12479135328151,19.001638095470955,24.999747302357303,0.0,0
255,3.298429319371728,-62.5,3.112,312.14351092458816,114.4450672869857,16.551265812795318,30.189912956893473,0.0,2
256,-18.376963350785346,-61.25,3.112,6.730563107425838,23.351259896238492,0.2533237210987276,1.4615600745718567,0.0,0
257,-17.434554973821996,-61.25,3.112,8.919862517980912,14.68199298444406,0.2860262112752224,0.6391954600935619,0.0,0
258,-16.492146596858646,-61.25,3.112,9.48110384531464,18.58922641204898,0.3570324263029509,0.44640537224237736,0.0,0
259,-15.549738219895294,-61.25,3.112,7.328670800636119,15.96431001242012,0.44378447677125,0.18019939522525583,0.0,0
260,-14.607329842931941,-61.25,3.112,3.2739693979479907,52.66544438959314,0.8697311630181347,0.22896181047265474,0.0,0
261,-13.664921465968591,-61.25,3.112,1.5678145039089473,70.22184519297791,1.1660964702790342,0.17588872369591255,0.0,0
262,-12.72251308900524,-61.25,3.112,1.3439387877022464,18.229621229770064,1.3738914975620964,0.08432165632095132,0.0,0
263,-11.780104712041888,-61.25,3.112,0.8587559501859057,13.543480178037669,1.471731638681156,0.10215744868944707,0.0,0
264,-10.837696335078537,-61.25,3.112,0.10562270819887332,36.94274137532318,1.8021239275603438,0.1517446896942926,0.0,0
265,-9.895287958115185,-61.25,3.112,-0.5290285694481098,22.421007099407124,2.435904452444689,0.04335739934063103,0.0,0
266,-8.952879581151834,-61.25,3.112,-0.8692300434412609,23.467273798159376,2.8745839420159855,0.014564967929380262,0.0,0
267,-8.010471204188482,-61.25,3.112,-0.9673189505232681,20.72706311960303,3.583557250854001,0.021531470782507254,0.0,0
268,-7.0680628272251305,-61.25,3.112,-0.6047930560268219,53.420223449138604,4.481780246790187,0.16063185859653922,0.0,0
269,-6.12565445026178,-61.25,3.112,0.22631802829813585,46.59752634350352,6.005745079886403,0.24289589263694622,0.0,0
270,-5.183246073298429,-61.25,3.112,4.22903061157331,36.475722317289254,7.703710705908249,0.6560404016343563,0.0,0
271,-4.2408376963350785,-61.25,3.112,9.925796656929814,9.15161483953736,9.497205944515525,0.27900320891353186,0.0,0
272,-3.298429319371728,-61.25,3.112,14.253203226752639,31.832853917227304,12.40991083361822,1.1303253024756326,0.0,0
273,-2.356020942408377,-61.25,3.112,23.274040455104917,93.98769969560102,14.817020856099395,5.129250208795142,0.0,0
274,-1.4136125654450262,-61.25,3.112,44.57854601439475,67.30730412978068,17.45398623314181,6.612998309060798,0.0,0
275,-0.4712041884816754,-61.25,3.112,83.27775100521438,60.84868472039549,20.101983829994428,8.96702678637183,0.0,0
276,0.4712041884816754,-61.25,3.112,158.19723475534627,63.372107728694154,22.48606162928212,13.328172317084137,0.0,0
277,1.4136125654450262,-61.25,3.112,239.81019825411352,48.59407526935266,23.612444565175178,12.542117790940218,0.0,0
278,2.356020942408377,-61.25,3.112,290.1290711844242,9.485352013575566,21.92119583999674,2.1975948594310335,0.0,0
279,3.298429319371728,-61.25,3.112,292.3378677715416,81.09895822026641,21.229893140522016,14.53167577918071,0.0,0
280,4.2408376963350785,-61.25,3.112,257.8316719885227,89.7970439542426,10.190658067694308,13.342884099329167,0.0,0
281,-15.549738219895294,-60.0,3.112,7.817518341915082,29.321014755614048,0.39008687746113635,0.4465233134709662,0.0,0
282,-14.607329842931941,-60.0,3.112,2.724045960877767,34.85562837661244,0.8868545490254195,0.14262180558376025,0.0,0
283,-13.664921465968591,-60.0,3.112,1.1231114631134893,24.264925327983715,1.1251023623523646,0.08436790976935377,0.0,0
284,-12.72251308900524,-60.0,3.112,0.8319184819683871,32.96177294072485,1.2855625208108457,0.18344873702655057,0.0,0
285,-11.780104712041888,-60.0,3.112,0.14615935335616648,65.98748776163814,1.6602373795286718,0.2554612282141501,0.0,0
286,-10.837696335078537,-60.0,3.112,-0.3487598428605318,79.97388849318,1.98448705200142,0.15177557090228827,0.0,0
287,-9.895287958115185,-60.0,3.112,-0.7799706227674068,33.709189834299416,2.486080415244838,0.023358280799629857,0.0,0
288,-8.952879581151834,-60.0,3.112,-0.983033743370443,19.588246194675566,3.0419511481181045,0.004364218039866039,0.0,0
289,-8.010471204188482,-60.0,3.112,-1.00463971474512,47.669034809952294,3.742094345554277,0.02568715679320252,0.0,0
290,-7.0680628272251305,-60.0,3.112,-0.8228987377568655,4.830001043156842,4.764892444169669,0.006134094725954719,0.0,0
291,-6.12565445026178,-60.0,3.112,0.10185142702293515,27.285798438652865,6.111716230386352,0.08782956114220117,0.0,0
292,-5.183246073298429,-60.0,3.112,1.5335428531893767,37.25623952576062,7.941144587498003,0.25911395124787,0.0,0
293,-4.2408376963350785,-60.0,3.112,5.959960520555995,5.501374359772052,10.01236172152623,0.12627587045579175,0.0,0
294,-3.298429319371728,-60.0,3.112,11.175338991297075,11.180465393215352,13.36441175605086,0.33003897931506815,0.0,0
295,-2.356020942408377,-60.0,3.112,15.763245099680718,2.693388483276847,14.104399983198332,0.11422254289178414,0.0,0
296,-1.4136125654450262,-60.0,3.112,30.68384256428247,29.25109439021278,16.899074623889753,1.921145849886397,0.0,0
297,-0.4712041884816754,-60.0,3.112,69.94404900248553,86.63262842183241,20.708570513244048,10.162775663693619,0.0,0
298,0.4712041884816754,-60.0,3.112,144.01290417515662,89.30508829688534,23.78857712968764,15.292587823033518,0.0,0
299,1.4136125654450262,-60.0,3.112,245.31388898588315,13.067690475940179,23.82673589767565,2.6305456405399243,0.0,0
300,2.356020942408377,-60.0,3.112,317.3376816218466,49.70899237750094,21.723328144508844,8.434434741281564,0.0,0
301,3.298429319371728,-60.0,3.112,322.9654733002321,98.57127846156453,22.964638671454598,10.803993919481407,0.0,0
302,4.2408376963350785,-60.0,3.112,297.8749649216491,109.98487781807147,19.504942051333266,8.785189367938578,0.0,0
303,5.183246073298429,-60.0,3.112,283.47794129138043,109.53340142054758,9.941413748591884,6.249462480840708,0.0,0
304,-13.664921465968591,-58.75,3.112,1.0983538100062984,36.1520230933312,0.5684929874735684,0.2728368264016758,0.0,0
305,-12.72251308900524,-58.75,3.112,0.5793015505802568,74.85868357538203,1.3241206332685378,0.3340326775497492,0.0,0
306,-11.780104712041888,-58.75,3.112,0.024279519175036346,53.93707020756069,1.6809186535209444,0.12224579591306087,0.0,0
307,-10.837696335078537,-58.75,3.112,-0.5097583959854581,12.12748344126182,2.054463026729414,0.012746584215638854,0.0,0
308,-9.895287958115185,-58.75,3.112,-0.8129721873631669,5.852875294910397,2.5739179585824448,0.002080003296911205,0.0,0
309,-8.952879581151834,-58.75,3.112,-0.7284264084316092,17.40422873206883,3.0803125250481247,0.005877092475680599,0.0,0
310,-8.010471204188482,-58.75,3.112,-0.6657489454193101,64.05577170087898,3.6787635585965632,0.02975400996943539,0.0,0
311,-7.0680628272251305,-58.75,3.112,-0.741114862834468,6.060157710092712,4.803177698345728,0.004472200916368783,0.0,0
312,-6.12565445026178,-58.75,3.112,-0.4952586850519203,65.10034001381035,6.13157387141228,0.04658152773792961,0.0,0
313,-5.183246073298429,-58.75,3.112,0.5724246753889934,92.75823588349607,7.850170367062116,0.3542041073004095,0.0,0
314,-4.2408376963350785,-58.75,3.112,3.986259828932363,45.350790107395504,10.333522685697492,0.7118757903948905,0.0,0
315,-3.298429319371728,-58.75,3.112,9.747395298047131,12.243159128483294,13.778387313886551,0.31853687222684246,0.0,0
316,-2.356020942408377,-58.75,3.112,14.27456656860119,26.382502922797315,14.564195921435969,0.9019809379730004,0.0,0
317,-1.4136125654450262,-58.75,3.112,27.293177932429444,85.3433974210756,17.462020039293048,4.3634823265788425,0.0,0
318,-0.4712041884816754,-58.75,3.112,61.82135155652465,97.19051872324447,21.271449983601794,9.857871326046965,0.0,0
319,0.4712041884816754,-58.75,3.112,146.67676985262062,102.34858528143494,24.75240848376558,17.690283088648172,0.0,0
320,-13.664921465968591,-57.5,3.112,0.9853977093186005,53.76083666122182,0.8653780419311906,0.3182125151465423,0.0,0
321,-12.72251308900524,-57.5,3.112,0.5222825481407127,65.2538973862245,1.297002330858059,0.22733614118295756,0.0,0
322,-11.780104712041888,-57.5,3.112,0.10410881911316128,21.02458230969262,1.747137667807235,0.04648738231845342,0.0,0
323,-10.837696335078537,-57.5,3.112,-0.029601190112903852,21.86241573439359,2.15419767338817,0.05746280725179431,0.0,0
324,-9.895287958115185,-57.5,3.112,-0.14790196894648133,2.7005342941878423,2.700858598831213,0.005454571988265673,0.0,0
325,-8.952879581151834,-57.5,3.112,-0.19014508666807262,32.8208493843289,3.271498555971485,0.04714252904940382,0.0,0
326,-8.010471204188482,-57.5,3.112,-0.4592905470388807,37.10306514482214,3.796488632347667,0.027950014527964258,0.0,0
327,-7.0680628272251305,-57.5,3.112,-0.6268742695195255,66.10600459496835,4.9804880222383545,0.07966674968771502,0.0,0
328,-6.12565445026178,-57.5,3.112,-0.8758812769320503,18.28808791680812,6.6271849246748555,0.015713121029878742,0.0,0
329,-5.183246073298429,-57.5,3.112,-0.555321003246295,60.62220116019646,8.524275489666039,0.12817595643073437,0.0,0
330,-4.2408376963350785,-57.5,3.112,1.5533444693446632,38.08192242812143,10.09920979288103,0.34961810793401676,0.0,0
331,-3.298429319371728,-57.5,3.112,5.454553212990156,47.07698017055974,13.333921944482983,0.990591908892764,0.0,0
332,-2.356020942408377,-57.5,3.112,12.275188725007313,52.780525162749534,16.639206078959205,1.4723810843657579,0.0,0
333,-1.4136125654450262,-57.5,3.112,22.606205695013802,89.95832994493789,18.386714744001022,3.889575938169521,0.0,0
334,-0.4712041884816754,-57.5,3.112,51.90539783665463,62.04328478867326,21.648943481429907,5.00029181637059,0.0,0
335,0.4712041884816754,-57.5,3.112,110.98242824823623,67.09567865571802,25.33773993442297,8.958779776878005,0.0,0
336,1.4136125654450262,-57.5,3.112,181.5602582838591,55.728613932367736,24.4407469017074,8.792639059586547,0.0,0
337,-13.664921465968591,-56.25,3.112,1.2470803146496685,27.078589230165882,0.7911341747517477,0.18620321762404263,0.0,0
338,-12.72251308900524,-56.25,3.112,0.7010754926189982,41.056969114743815,1.225052605017564,0.11856776470147595,0.0,0
339,-11.780104712041888,-56.25,3.112,0.7302893874760148,9.449657695680104,1.7067342335438607,0.03927135271927372,0.0,0
340,-10.837696335078537,-56.25,3.112,0.5291572714225328,25.45548448086833,2.255314114522689,0.11710054226843482,0.0,0
341,-9.895287958115185,-56.25,3.112,0.3903990141955751,0.5279525590240302,2.7510400023641313,0.0020450000018212497,0.0,0
342,-8.952879581151834,-56.25,3.112,-0.050480257542500184,61.4755684807987,3.2993919099035205,0.16839761178118032,0.0,0
343,-8.010471204188482,-56.25,3.112,-0.6283948739784107,51.82797978852539,4.129683304452092,0.07737230445402915,0.0,0
344,-7.0680628272251305,-56.25,3.112,-0.8329113722786908,27.583547127948425,5.218560937610935,0.027850232011523486,0.0,0
345,-6.12565445026178,-56.25,3.112,-1.2097945259781135,21.159820495149262,6.9859335988998605,0.015509381433709217,0.0,0
346,-5.183246073298429,-56.25,3.112,-1.6295853921934589,19.567905877996484,8.769898571961134,0.01702275809118153,0.0,0
347,-4.2408376963350785,-56.25,3.112,-0.8442258343797828,27.48688557522858,10.4771597912622,0.08655590642929864,0.0,0
348,-3.298429319371728,-56.25,3.112,2.1074672195383073,27.699025431234723,12.475947615162507,0.26213332072968765,0.0,0
349,-2.356020942408377,-56.25,3.112,8.249358416822792,51.609149491578215,18.103934971552373,0.8616676566542267,0.0,0
350,-1.4136125654450262,-56.25,3.112,14.425002816707185,49.54114539361241,19.471244842187538,1.2544736499331355,0.0,0
351,-0.4712041884816754,-56.25,3.112,30.68914164658097,64.96177842510646,19.482572698274584,3.039341536748363,0.0,0
352,0.4712041884816754,-56.25,3.112,65.34352073578914,69.90269751754082,22.388453435733773,5.25228202691891,0.0,0
353,1.4136125654450262,-56.25,3.112,111.41893485772665,98.01911371945185,24.915138766901237,8.81165654762904,0.0,0
354,-14.607329842931941,-55.0,3.112,2.7635592096120285,41.21126750578825,0.6653821417465577,0.9616902176483384,0.0,0
355,-13.664921465968591,-55.0,3.112,1.3312394004370254,52.03044560411211,0.8815696768344684,0.23318972912878785,0.0,0
356,-12.72251308900524,-55.0,3.112,1.0368895214211502,21.924719157951934,1.4168944583525596,0.09736274878956326,0.0,0
357,-11.780104712041888,-55.0,3.112,0.6491652630283116,1.6953054440607214,1.764880642357921,0.007181276899421926,0.0,0
358,-10.837696335078537,-55.0,3.112,0.39124785729878164,2.4367371874406216,2.243295728204697,0.010326707529493707,0.0,0
359,-9.895287958115185,-55.0,3.112,0.39544150702207315,5.787293422788221,2.790099791513725,0.028523526044085097,0.0,0
360,-8.952879581151834,-55.0,3.112,-0.34089287384346434,54.79181249961747,3.5273775663745073,0.16451133978343097,0.0,0
361,-8.010471204188482,-55.0,3.112,-0.9718934055538943,10.692667980957317,4.52574501899047,0.01085051016416899,0.0,0
362,-7.0680628272251305,-55.0,3.112,-1.2098680976050888,18.870793289491758,5.6931635165644465,0.012056237168515817,0.0,0
363,-6.12565445026178,-55.0,3.112,-1.5136746199928608,29.505948973288167,7.185260301601451,0.011195292399480595,0.0,0
364,-5.183246073298429,-55.0,3.112,-1.7545618461243842,35.11732824102431,8.703883078031494,0.010262278084027595,0.0,0
365,-4.2408376963350785,-55.0,3.112,-1.273233758852196,7.374339902423638,10.223150021388989,0.008734475353187079,0.0,0
366,-3.298429319371728,-55.0,3.112,0.4270319607487112,10.825264138909215,13.128670135661546,0.04356613878782264,0.0,0
367,-2.356020942408377,-55.0,3.112,10.172908125530409,26.62449050154474,16.98842715295667,0.33976554348183974,0.0,0
368,-1.4136125654450262,-55.0,3.112,14.337381066328117,27.91012094182936,15.404653164821578,0.5485984940690237,0.0,0
369,-0.4712041884816754,-55.0,3.112,31.528394060155748,68.97558450743107,17.228303668230073,2.135317114892013,0.0,0
370,0.4712041884816754,-55.0,3.112,49.13681434464495,72.96943395442,19.55284311349942,2.680974725950395,0.0,0
371,1.4136125654450262,-55.0,3.112,71.26400843848299,87.5240725060615,20.41967427318901,3.7432108394310672,0.0,0
372,2.356020942408377,-55.0,3.112,107.46342875909318,86.75951070398305,17.6937859675089,4.658513012724124,0.0,0
373,-14.607329842931941,-53.75,3.112,2.1207521737361565,50.14948979923934,0.682849837937183,0.5195898542012469,0.0,0
374,-13.664921465968591,-53.75,3.112,1.1376423458653828,70.35107259425433,1.1993297880969205,0.220185444141647,0.0,0
375,-12.72251308900524,-53.75,3.112,0.7517477806856769,30.720689608046605,1.5790822623380627,0.13212616496402083,0.0,0
376,-11.780104712041888,-53.75,3.112,0.3740792552746217,47.1274712735579,1.9283898274766593,0.18348821020567524,0.0,0
377,-10.837696335078537,-53.75,3.112,0.18795217373411943,20.65191844044917,2.4118475840645535,0.08756502494032206,0.0,0
378,-9.895287958115185,-53.75,3.112,-0.029852781530743888,21.29888050896021,3.026169659900789,0.10332803465661348,0.0,0
379,-8.952879581151834,-53.75,3.112,-0.733019543588245,64.99072129974412,3.722466516805634,0.10451350156446047,0.0,0
380,-8.010471204188482,-53.75,3.112,-1.0585167463997531,83.45573715349394,4.6888608066695605,0.060983004271419325,0.0,0
381,-7.0680628272251305,-53.75,3.112,-1.3697669660937795,37.17248189907205,5.931357411814018,0.007298742243032209,0.0,0
382,-6.12565445026178,-53.75,3.112,-1.733494603951361,15.06708172395673,7.617129317165593,0.0009335290963498166,0.0,0
383,-5.183246073298429,-53.75,3.112,-2.018728889813926,9.132638176198467,9.32848303838347,0.0011390389605595934,0.0,0
384,-4.2408376963350785,-53.75,3.112,-1.9201942527205929,16.127848942007876,11.217892530501803,0.010562199720721997,0.0,0
385,-3.298429319371728,-53.75,3.112,0.39646305279170546,1.5835144095898535,12.797927757445457,0.005547447065438148,0.0,0
386,-2.356020942408377,-53.75,3.112,7.666145485088013,34.04603948839982,15.851638012626118,0.3026737863023852,0.0,0
387,-1.4136125654450262,-53.75,3.112,19.934623364862667,19.46833127215087,16.621334767791627,0.2793927767973843,0.0,0
388,-0.4712041884816754,-53.75,3.112,34.4388534620536,55.13517063451473,17.855098084095477,0.9830484670593039,0.0,0
389,0.4712041884816754,-53.75,3.112,44.13118305543923,52.47715859546821,18.517059332022743,0.9989770978408454,0.0,0
390,1.4136125654450262,-53.75,3.112,54.49336240705227,35.70336451637258,17.89086185617527,0.46952912281123343,0.0,0
391,2.356020942408377,-53.75,3.112,71.29659950877293,44.34804367929977,15.311492842550779,0.7994224914334416,0.0,0
392,-13.664921465968591,-52.5,3.112,0.9393162378031905,62.543886322791856,1.0113867895793822,0.264736654354027,0.0,0
393,-12.72251308900524,-52.5,3.112,0.4109182525232259,42.68902100740453,1.5572515664643738,0.15487743963633888,0.0,0
394,-11.780104712041888,-52.5,3.112,0.2535651007998907,58.35950721885899,2.0359406790876604,0.22973413965951775,0.0,0
395,-10.837696335078537,-52.5,3.112,-0.05757236815222355,46.7917444270609,2.54313619616744,0.2061151316192264,0.0,0
396,-9.895287958115185,-52.5,3.112,-0.5139569702689595,58.42050297751245,3.281858105522456,0.1622969508881009,0.0,0
397,-8.952879581151834,-52.5,3.112,-0.8770269049692397,76.6454126649812,3.992756874121053,0.06548851777993998,0.0,0
398,-8.010471204188482,-52.5,3.112,-1.2391888045326016,66.25169699522284,5.159457791781135,0.02249710995695461,0.0,0
399,-7.0680628272251305,-52.5,3.112,-1.5907370117231077,20.344920585848488,6.52505928916394,0.0001465337653672405,0.0,0
400,-6.12565445026178,-52.5,3.112,-1.880886617109163,9.719913071704438,8.145599277987436,0.00013041725988581108,0.0,0
401,-5.183246073298429,-52.5,3.112,-2.263268515418481,45.685069128219844,9.942016047753162,0.002568751911361261,0.0,0
402,-4.2408376963350785,-52.5,3.112,-2.2767508341429963,34.12040520118243,11.83309055717235,0.013800121654654036,0.0,0
403,-3.298429319371728,-52.5,3.112,0.07807323660330834,7.445873945322584,13.926289939319934,0.019437014106451607,0.0,0
404,-2.356020942408377,-52.5,3.112,9.592439773759976,60.31371165710319,16.734735094863137,0.39575245901081724,0.0,0
405,-1.4136125654450262,-52.5,3.112,24.49087415797614,13.466167220765529,19.799705638752368,0.08735990451420284,0.0,0
406,-0.4712041884816754,-52.5,3.112,41.08777921008317,41.09729608414981,19.90181785269579,0.27574459037941,0.0,0
407,0.4712041884816754,-52.5,3.112,51.914881564173086,41.111988001116615,20.95469053474644,0.2611626342088238,0.0,0
408,-8.952879581151834,-51.25,3.112,-1.0610020265028144,10.690156573415974,4.396148807475388,0.0026627850910483355,0.0,0
409,-8.010471204188482,-51.25,3.112,-1.3842920579818887,38.65974675639901,5.537950362151599,0.0005667344517493885,0.0,0
410,-7.0680628272251305,-51.25,3.112,-1.7194762362267868,27.475248980647876,7.110804160612202,4.332679971703793e-05,0.0,0
411,-5.183246073298429,-51.25,3.112,-2.449244793253244,46.68771637830629,10.810066328948372,0.001634178630551104,0.0,0
412,-4.2408376963350785,-51.25,3.112,-2.5900420091980383,21.7919244379124,13.09484473184983,0.004833879957238864,0.0,0
413,-3.298429319371728,-51.25,3.112,-0.058992068735569614,1.3461041943584287,14.490466135960984,0.0026931457939101764,0.0,0
414,-2.356020942408377,-51.25,3.112,8.51826495658461,16.275039064375086,16.701173314203984,0.05960995924867345,0.0,0
415,-3.298429319371728,-50.0,3.112,-0.5246860681727559,5.227073615576096,14.991828685106947,0.005358488526130747,0.0,0
