node_id,lat,lon,threshold,prec,evap,in_degree,out_degree,clustering,ffl
0,-6.12565445026178,-78.75,0.2367,51.849389662460844,35.08770863598887,4.234058791359492,12.24565586927408,0.5333333333333333,11
1,-5.183246073298429,-78.75,0.2367,73.16081472199478,52.43297893467714,5.241528984033441,25.381707404932378,0.3942307692307692,71
2,-4.2408376963350785,-78.75,0.2367,113.24438822008628,41.9391997334962,5.66096224393003,32.1070383676026,0.5099337748344371,146
3,-3.298429319371728,-78.75,0.2367,128.52607600001,30.974908872254705,5.411708487740787,30.3155893027075,0.5488721804511278,124
4,-2.356020942408377,-78.75,0.2367,143.45423135389055,68.11245854274603,7.3142662576245865,77.78983838365865,0.3036529680365297,1752
5,-1.4136125654450262,-78.75,0.2367,158.39042274899737,66.37160485799541,8.397117695183127,72.2758155985299,0.35242191036668175,1582
6,-8.952879581151834,-77.5,0.2367,43.560370861559775,58.17166966778421,5.059276432837675,23.018555957515193,0.37,109
7,-8.010471204188482,-77.5,0.2367,46.57732645325556,56.28354942313429,6.341876049123908,20.95744957945495,0.38235294117647056,72
8,-7.0680628272251305,-77.5,0.2367,51.49637789795115,48.02611810834647,6.777528839625194,19.895711030398587,0.3619047619047619,45
9,-6.12565445026178,-77.5,0.2367,58.95410159708586,31.711961115072423,6.464277906861652,13.096025032350013,0.42727272727272725,24
10,-5.183246073298429,-77.5,0.2367,88.52995546744069,69.60375926537277,8.550475725097701,28.29962828362508,0.34210526315789475,109
11,-4.2408376963350785,-77.5,0.2367,141.79047134987798,94.00855246707991,11.051346954049334,58.78865750699798,0.259765625,808
12,-3.298429319371728,-77.5,0.2367,188.3669867198296,38.614241938159275,10.46244131950561,34.8391342234328,0.47466216216216217,169
13,-2.356020942408377,-77.5,0.2367,211.25463774789768,53.88101136545456,11.995005412441387,56.36856560116823,0.36579804560260587,950
14,-1.4136125654450262,-77.5,0.2367,235.1000596613036,41.35838190108653,10.499333401918015,50.28077755562052,0.44057567316620244,729
15,-0.4712041884816754,-77.5,0.2367,229.30461400676862,49.19226776868103,8.057642753559394,65.52160107626077,0.3753202391118702,1577
16,0.4712041884816754,-77.5,0.2367,195.9838899645945,52.34794894793612,7.5246161841514185,59.25607567478356,0.4097432024169184,1048
17,-10.837696335078537,-76.25,0.2367,33.463486213011194,47.09235538333167,3.447936786467458,17.408603370635774,0.4111111111111111,81
18,-9.895287958115185,-76.25,0.2367,54.106853505258464,47.47348108770721,5.338641452996327,23.172047858154695,0.3684210526315789,96
19,-8.952879581151834,-76.25,0.2367,109.12396954693361,30.04445721723876,7.713199236405047,23.300328497836652,0.33095238095238094,75
20,-8.010471204188482,-76.25,0.2367,91.83531834231032,58.94217954347109,10.05873531715775,30.01207395639202,0.31833333333333336,107
21,-7.0680628272251305,-76.25,0.2367,85.77815671752477,57.227934123140706,10.614991891794931,26.129571132052966,0.3268398268398268,65
22,-6.12565445026178,-76.25,0.2367,86.9881786792132,35.13418242949454,11.977842380264773,15.19860595007136,0.33014354066985646,12
23,-5.183246073298429,-76.25,0.2367,97.19008181220029,96.27105670479526,15.08731452410792,44.417969580077894,0.2777777777777778,344
24,-4.2408376963350785,-76.25,0.2367,123.23405155219504,104.00895030276304,17.892247500668066,62.79891762025392,0.3340345956054231,955
25,-3.298429319371728,-76.25,0.2367,151.9196232203606,105.8015859071562,19.493809824736307,69.77668458734126,0.3190427437931917,1728
26,-2.356020942408377,-76.25,0.2367,168.7259843359596,106.4544116427527,20.360322234307247,66.48513863961917,0.3587880449684672,1923
27,-1.4136125654450262,-76.25,0.2367,177.91726314966928,102.38832859078569,19.681329395303923,65.32851860864987,0.3713658804168952,2034
28,-0.4712041884816754,-76.25,0.2367,202.1262517038199,64.32222986976545,17.140386141155787,44.138353401501824,0.49464763603925066,704
29,0.4712041884816754,-76.25,0.2367,295.254345475561,55.68019495531681,12.655229611485241,53.14529351761806,0.4144960362400906,1165
30,1.4136125654450262,-76.25,0.2367,286.07711184879383,5.134204123701675,4.787846720515951,5.106455794746908,0.6,1
31,-13.664921465968591,-75.0,0.2367,2.3401135354211506,32.46160196342728,1.2037667473170408,1.0368739477542164,0.0,0
32,-12.72251308900524,-75.0,0.2367,23.37761040557063,41.784673538516785,3.322542233809756,13.05778238308852,0.37272727272727274,47
33,-11.780104712041888,-75.0,0.2367,60.46479055061691,44.965688200823344,4.7158963885173275,28.44620299638104,0.32806324110671936,180
34,-10.837696335078537,-75.0,0.2367,138.10829066012133,37.04948897928429,9.311627363658886,36.23340895513594,0.2898989898989899,255
35,-9.895287958115185,-75.0,0.2367,92.65285723028819,58.58757550340685,13.578486884064166,28.07265580845681,0.30617283950617286,141
36,-8.952879581151834,-75.0,0.2367,55.731138722795635,34.609069847014105,15.556506106289248,10.030604625522056,0.38333333333333336,6
37,-8.010471204188482,-75.0,0.2367,43.75037005384675,65.73089480242905,15.353576784690613,16.5456809213673,0.3418181818181818,23
38,-7.0680628272251305,-75.0,0.2367,50.463991253474916,91.23800097159145,15.614703717556893,26.27745877877049,0.2857142857142857,64
39,-6.12565445026178,-75.0,0.2367,75.74196175371804,96.12389436167885,17.00479527934853,37.06008709877997,0.26456876456876455,201
40,-5.183246073298429,-75.0,0.2367,118.27036142097448,98.83221883719511,19.577484032901406,60.60291875193159,0.2479984750285932,885
41,-4.2408376963350785,-75.0,0.2367,169.5968382648557,98.41113451949475,20.998687859051575,85.94693198161563,0.2093593489148581,3380
42,-3.298429319371728,-75.0,0.2367,213.92982427696256,104.25675955956817,23.68602444625628,105.23153388899203,0.19098192658841065,5171
43,-2.356020942408377,-75.0,0.2367,239.85031092658136,102.67734150681598,24.27465493449154,107.99383364334484,0.2257405515832482,6234
44,-1.4136125654450262,-75.0,0.2367,247.23767804186917,102.19227358069341,23.321723963235627,103.42774717388575,0.2674826452320058,6171
45,-0.4712041884816754,-75.0,0.2367,239.05821833926186,93.63388525901055,21.52103737447585,76.38039426183873,0.3515587909479348,3498
46,0.4712041884816754,-75.0,0.2367,237.03967134307925,94.75850969207998,19.31114785590993,60.80785047423737,0.3627175743964065,1961
47,1.4136125654450262,-75.0,0.2367,276.8197866153489,20.25614528316048,10.311362614729713,14.300935065417601,0.6666666666666666,32
48,2.356020942408377,-75.0,0.2367,299.01761938782977,4.6438922798532944,3.8343061409089443,3.186655502879111,0.6666666666666666,1
49,-14.607329842931941,-73.75,0.2367,1.3681832771838538,39.77889123395016,3.814762543565439,1.3690593083198797,0.5,0
50,-13.664921465968591,-73.75,0.2367,24.705809944061283,46.47487430329898,6.267714767289251,13.289308188054017,0.325,53
51,-12.72251308900524,-73.75,0.2367,91.88031250641386,61.81543042343807,9.582323599898892,28.295303626671117,0.301994301994302,162
52,-11.780104712041888,-73.75,0.2367,115.13070847042081,69.2054987467442,16.067814415734485,57.737729438357675,0.1977878985035784,446
53,-10.837696335078537,-73.75,0.2367,65.8393776814792,76.59904530377896,18.37592282513744,22.42857297503798,0.3348729792147806,81
54,-9.895287958115185,-73.75,0.2367,50.011038127580306,87.60672114388838,18.903805109989378,20.98494499407315,0.3356997971602434,58
55,-8.952879581151834,-73.75,0.2367,51.53374156867939,83.67553074175903,18.36719765021211,24.60767054365249,0.31451612903225806,73
56,-8.010471204188482,-73.75,0.2367,62.04198202863248,64.90355877369534,17.5572083444952,23.96943464857921,0.3076923076923077,58
57,-7.0680628272251305,-73.75,0.2367,79.02389875469456,74.05460624069951,18.255448591114217,33.29633392316147,0.268188302425107,127
58,-6.12565445026178,-73.75,0.2367,99.14554989072244,98.51553658713408,20.04209334158047,46.447137083764886,0.2623546511627907,345
59,-5.183246073298429,-73.75,0.2367,129.04160788094774,94.91472534872086,22.229571134983335,49.089962315223616,0.3208046585494971,648
60,-4.2408376963350785,-73.75,0.2367,164.05603623651047,98.69508219675738,25.098099788382488,62.20313131672091,0.3035190615835777,1561
61,-3.298429319371728,-73.75,0.2367,210.55593060729058,103.81370692506412,28.50830695397593,80.02403804814782,0.2909619109102647,3288
62,-2.356020942408377,-73.75,0.2367,249.282207689606,103.95411082575623,29.084238084362706,94.11954409150475,0.2737090367428004,5142
63,-1.4136125654450262,-73.75,0.2367,278.5070385185616,89.85297866422843,28.376935531945048,86.08860228684918,0.30156415694591726,5160
64,-0.4712041884816754,-73.75,0.2367,292.98943470945994,103.44620879303403,27.5362147923045,100.15508736577829,0.28789736046416603,5590
65,0.4712041884816754,-73.75,0.2367,306.2603428640973,104.62246266681947,26.014210967388582,95.1722330639034,0.2985321279284534,4894
66,1.4136125654450262,-73.75,0.2367,319.4928870595935,95.42382696081145,20.442820729227904,65.2021434825156,0.3497998736043817,2673
67,-14.607329842931941,-72.5,0.2367,5.260579040764121,39.43989269625218,4.158901183422439,4.955176942610551,0.4166666666666667,10
68,-13.664921465968591,-72.5,0.2367,39.50915802779432,50.87079222384671,8.289674462810506,14.664283730661243,0.42083333333333334,45
69,-12.72251308900524,-72.5,0.2367,70.76791307725983,59.44909518535059,14.254792414062496,23.4182213047198,0.33487654320987653,90
70,-11.780104712041888,-72.5,0.2367,67.09393392850342,79.96905212839346,17.364437886117976,23.177080770890814,0.3412526997840173,122
71,-10.837696335078537,-72.5,0.2367,53.52162946611526,89.97450326577875,17.90693331223752,19.400286869971175,0.4184491978609626,60
72,-9.895287958115185,-72.5,0.2367,50.79807770476383,93.28782800323097,18.372925242344525,23.115868185010328,0.345045045045045,94
73,-8.952879581151834,-72.5,0.2367,52.61565198698172,82.04505518241412,18.075131817544086,23.462531919578602,0.305668016194332,57
74,-8.010471204188482,-72.5,0.2367,56.926014281851366,27.634176059080538,17.105991188464458,8.217021508222269,0.3300395256916996,2
75,-7.0680628272251305,-72.5,0.2367,71.48853125578334,40.38189153198964,18.72272718551442,13.107342319353476,0.3494983277591973,19
76,-6.12565445026178,-72.5,0.2367,101.59734012651627,99.66324344921287,21.84639343841093,38.129902273813585,0.33747779751332146,329
77,-5.183246073298429,-72.5,0.2367,146.89260849636372,101.5176965970319,24.84824472801424,50.807394063658236,0.3196945967110415,932
78,-4.2408376963350785,-72.5,0.2367,191.11960129956816,91.50003501964251,28.045621990688844,57.70754424901493,0.30342255375164545,1717
79,-3.298429319371728,-72.5,0.2367,224.00632600921475,102.83293857895286,31.097211334289717,72.0950315176245,0.28250333212165274,3205
80,-2.356020942408377,-72.5,0.2367,264.2292911986367,97.64212497544753,32.77412849399948,79.27972968609532,0.298372796495254,3927
81,-1.4136125654450262,-72.5,0.2367,297.6118414370724,103.85736217559625,32.98094248984652,92.60992960413263,0.2780690433940958,4837
82,-0.4712041884816754,-72.5,0.2367,318.8444281890171,105.69348877888065,33.60143045058617,98.43707993783487,0.3009313154831199,4824
83,0.4712041884816754,-72.5,0.2367,349.06435254653155,107.10284897369233,32.84982384167731,99.99134656731209,0.31380516407776976,4408
84,1.4136125654450262,-72.5,0.2367,384.990776060041,104.25538395980284,26.846683303990805,85.55546600337613,0.3365096038415366,3410
85,-14.607329842931941,-71.25,0.2367,10.122430290921269,32.99634031075665,3.897759790729373,9.794269607507067,0.3939393939393939,41
86,-13.664921465968591,-71.25,0.2367,60.190169986774706,61.31013486335526,9.161815487957476,21.142948814953442,0.42328042328042326,103
87,-12.72251308900524,-71.25,0.2367,87.37750486590596,46.86260767923477,13.324110476419014,23.945815935583518,0.36666666666666664,120
88,-11.780104712041888,-71.25,0.2367,61.288709258808694,84.06903720411957,15.688453643036311,20.938870191436045,0.37344913151364767,91
89,-10.837696335078537,-71.25,0.2367,49.2768424590911,87.56614255581817,16.110358403693585,19.759074892366137,0.36658354114713215,68
90,-9.895287958115185,-71.25,0.2367,46.23155060059317,87.80329395637175,16.42103762085942,21.274322407680565,0.345821325648415,65
91,-8.952879581151834,-71.25,0.2367,49.673196769452176,59.83333264837215,17.05478160834295,16.472288536410773,0.36772486772486773,23
92,-8.010471204188482,-71.25,0.2367,56.64188379660172,10.580129999492858,17.14628103829081,3.0236501222895216,0.35,0
93,-7.0680628272251305,-71.25,0.2367,79.61113680895818,54.11309444449746,19.972577906161384,18.129859903202302,0.34545454545454546,36
94,-6.12565445026178,-71.25,0.2367,115.91433963720348,94.31927774521454,24.241800787275565,40.488588281927946,0.3288915808600848,462
95,-5.183246073298429,-71.25,0.2367,154.03543128435888,103.28792804836273,27.74075576309018,53.98603749986191,0.2840271281571562,1290
96,-4.2408376963350785,-71.25,0.2367,190.1994318253914,99.9493711563696,31.361102117111884,60.08141124064044,0.28065658191181203,2011
97,-3.298429319371728,-71.25,0.2367,222.30941068121953,106.27554264398752,34.25499100510001,68.5596004536869,0.2831908831908832,2971
98,-2.356020942408377,-71.25,0.2367,258.89506185371124,99.99371915505813,36.45962751198459,75.92799535299096,0.29004696712301387,3504
99,-1.4136125654450262,-71.25,0.2367,291.6848493455417,105.98017130931207,37.662495241878574,86.97761462255528,0.28362828001046114,3959
100,-0.4712041884816754,-71.25,0.2367,326.54085253119626,106.49269491346786,38.66305723551949,91.35535657314966,0.3066125051419169,3816
101,0.4712041884816754,-71.25,0.2367,381.28109492938336,107.54814731451916,36.95429292715846,96.71800984699067,0.3291100872938894,3687
102,1.4136125654450262,-71.25,0.2367,417.07614273269826,94.70584514152425,30.853284030413555,74.22998653510184,0.3664723032069971,2605
103,-13.664921465968591,-70.0,0.2367,95.46985129460683,56.038718025257616,7.947590542890206,36.979882579653584,0.3127376425855513,234
104,-12.72251308900524,-70.0,0.2367,79.1766081934282,40.99914936991872,13.474366466269185,13.342893805739394,0.46296296296296297,38
105,-11.780104712041888,-70.0,0.2367,44.248605753262396,55.6653434698217,14.313679933030201,11.820249833670072,0.40828402366863903,19
106,-10.837696335078537,-70.0,0.2367,40.858901433673594,38.481206414326465,14.133198030740148,8.268560634022677,0.4182692307692308,4
107,-9.895287958115185,-70.0,0.2367,43.514273698637574,64.88816791798102,15.221018455931668,14.95793246913057,0.3074074074074074,14
108,-8.952879581151834,-70.0,0.2367,46.17606015617049,34.07887831791748,16.256241911816833,8.750514201639653,0.3238095238095238,4
109,-8.010471204188482,-70.0,0.2367,55.996372598651355,26.01249972826685,17.829633869713767,6.979321989809514,0.3105263157894737,3
110,-7.0680628272251305,-70.0,0.2367,78.99036838293105,49.71341404254532,21.17353594645241,16.679123744794104,0.4389920424403183,41
111,-6.12565445026178,-70.0,0.2367,117.40408958055217,100.9819949362858,25.549222159374548,43.350449464847316,0.29588892895780744,749
112,-5.183246073298429,-70.0,0.2367,154.06296174336705,103.23833277930574,30.454680629213254,52.942651189027075,0.28255264288783843,1283
113,-4.2408376963350785,-70.0,0.2367,177.12327729540792,85.63437665946277,33.75489974793088,44.87346989999655,0.3401199100674494,1084
114,-3.298429319371728,-70.0,0.2367,221.8906904732658,100.9988912420107,37.46335959137212,63.73322543522323,0.28047822182308035,2547
115,-2.356020942408377,-70.0,0.2367,252.49672408170267,105.63238177567543,39.41057398605463,74.23705692907589,0.28094636610959967,3018
116,-1.4136125654450262,-70.0,0.2367,285.4384591652315,104.05407541274671,40.90584847452816,76.20462002771816,0.2944090956503599,3023
117,-0.4712041884816754,-70.0,0.2367,332.75281879326934,105.1602536082683,41.696369818638665,79.57171979078302,0.32083948793697686,2924
118,0.4712041884816754,-70.0,0.2367,390.77489116039675,106.29287754841972,40.017706999529786,82.17943005469742,0.33635693215339235,2736
119,1.4136125654450262,-70.0,0.2367,422.89340008284404,104.68333349859302,33.12391498221426,76.36809896334142,0.36602064461765327,2215
120,-15.549738219895294,-68.75,0.2367,55.001908081501306,70.4634625970104,5.731310380309656,36.713429682623584,0.2713472485768501,286
121,-14.607329842931941,-68.75,0.2367,83.08971865589605,51.1011293295646,6.247423688468713,34.08656996287753,0.24253200568990044,316
122,-13.664921465968591,-68.75,0.2367,105.8216748450038,71.113759367355,10.192676333509644,35.10565225261716,0.22515060240963855,227
123,-12.72251308900524,-68.75,0.2367,48.0702426941994,69.26121992503721,12.765429854203179,14.407776259246026,0.347953216374269,25
124,-11.780104712041888,-68.75,0.2367,36.56443031577632,33.12694313230924,12.355550384823301,6.297514086523151,0.42424242424242425,1
125,-10.837696335078537,-68.75,0.2367,34.90258913656771,12.491093037846214,12.695741314892325,2.3597548195295825,0.35,0
126,-9.895287958115185,-68.75,0.2367,35.7973377437289,41.721371744406454,14.218774029960949,8.282909867363209,0.5,1
127,-8.952879581151834,-68.75,0.2367,43.00327864961257,4.491908074481583,16.552693365683723,1.0139104665054843,0.2777777777777778,0
128,-8.010471204188482,-68.75,0.2367,57.178585239938705,69.31611612118547,19.389202216944764,19.363575442635792,0.35185185185185186,53
129,-7.0680628272251305,-68.75,0.2367,85.73840700519511,96.64643363053753,23.65305627562292,33.586297024709104,0.30461638491547466,348
130,-6.12565445026178,-68.75,0.2367,120.8524064986803,99.83904395392676,27.970573134177762,42.64155404108335,0.29652484572913285,714
131,-5.183246073298429,-68.75,0.2367,160.46286153156942,103.43276842738422,31.903076450737927,51.902123783136055,0.2710123272319761,1261
132,-4.2408376963350785,-68.75,0.2367,187.44216192712,105.95974096752909,36.0706055967701,56.114701716034546,0.28040067245727096,1698
133,-3.298429319371728,-68.75,0.2367,215.64803242267794,105.78895001035762,39.47145876947181,60.29626248974832,0.27857473391948173,2003
134,-2.356020942408377,-68.75,0.2367,261.1160371049623,109.99395705710332,42.98833137259739,72.96794329358559,0.28478767609202393,2528
135,-1.4136125654450262,-68.75,0.2367,302.90367338480814,108.32797801751963,44.420730828525244,76.66725726305219,0.3017654751525719,2539
136,-0.4712041884816754,-68.75,0.2367,349.0742965913607,104.69494417540557,44.546090982584154,76.06796626794831,0.3345279117849759,2293
137,0.4712041884816754,-68.75,0.2367,405.0228986906808,104.62633420646218,42.90158890798713,76.23972300244537,0.3749312305153127,2113
138,1.4136125654450262,-68.75,0.2367,474.0183787763705,102.19440965648894,36.339753305780214,74.70801639124562,0.3947960970728046,1704
139,2.356020942408377,-68.75,0.2367,482.6592553996066,93.29452527667753,23.89364506396432,56.772411589323454,0.43336648433615116,1021
140,-16.492146596858646,-67.5,0.2367,61.40929420223501,30.038667369530785,3.5416590582235425,17.20300959725524,0.3238095238095238,79
141,-15.549738219895294,-67.5,0.2367,103.42900977704228,31.494599862877433,6.01187742538247,23.730481164996434,0.3521739130434783,154
142,-14.607329842931941,-67.5,0.2367,70.92412562052877,56.86551604234287,9.292010015335942,17.58455965937209,0.38961038961038963,23
143,-13.664921465968591,-67.5,0.2367,48.80134811720527,70.28722962279286,11.256229864825386,15.026388363209907,0.391025641025641,9
144,-12.72251308900524,-67.5,0.2367,35.25618545231178,80.77763501532955,10.894515043923898,14.06522412020128,0.33636363636363636,6
145,-11.780104712041888,-67.5,0.2367,33.81520010222981,75.92858831676959,11.36996050856512,12.655704057112981,0.3,5
146,-10.837696335078537,-67.5,0.2367,33.97161835698817,34.85331074155293,12.592928928901433,6.252604321264336,0.5,1
147,-9.895287958115185,-67.5,0.2367,37.194578195345564,3.5110045101765666,14.164505153960667,0.6733795010906907,0.0,0
148,-8.952879581151834,-67.5,0.2367,45.38664700658344,30.843273552978243,17.163768891078533,7.049939366794132,0.4722222222222222,3
149,-8.010471204188482,-67.5,0.2367,65.57874144038499,90.34160690847101,21.687815892336765,26.28607613032405,0.297008547008547,129
150,-7.0680628272251305,-67.5,0.2367,91.53621828328122,76.7606064525278,25.100036171612473,26.458955283935367,0.3606991525423729,161
151,-6.12565445026178,-67.5,0.2367,127.2887443406751,97.24358488087616,29.9209479368494,41.20964876621561,0.2771239954075775,689
152,-5.183246073298429,-67.5,0.2367,166.3370733294807,101.60695047736934,34.18966398311817,50.72142049981687,0.266400407885792,1140
153,-4.2408376963350785,-67.5,0.2367,203.44307673569654,106.28424454068026,39.066655233833494,58.15988875642435,0.2691500524658972,1499
154,-3.298429319371728,-67.5,0.2367,212.43026478463392,101.57305994921414,41.68911892908759,55.6013607281791,0.30049326756432476,1547
155,-2.356020942408377,-67.5,0.2367,264.0551654620914,110.29111152340325,45.397081412031035,70.1248022531602,0.293869644484959,1943
156,-1.4136125654450262,-67.5,0.2367,313.16439014033347,108.51341633411838,46.663194976009926,72.33267184529728,0.32170985772357724,2027
157,-0.4712041884816754,-67.5,0.2367,362.1148971851203,107.24845539121158,47.31622574960382,74.74769224477235,0.3368604145528337,1949
158,0.4712041884816754,-67.5,0.2367,397.6895311513698,105.76959587513194,46.27883664028186,69.44336548590711,0.3723705501618123,1599
159,1.4136125654450262,-67.5,0.2367,471.9813239805698,89.76771401830455,39.43480914018239,61.15218693528446,0.4172661870503597,1047
160,2.356020942408377,-67.5,0.2367,556.5398179720928,66.08392636360963,27.05276904226374,43.8836129939577,0.4528301886792453,671
161,-18.376963350785346,-66.25,0.2367,16.562132061463863,62.029206509847086,2.0446879409260736,8.916545334144548,0.5,6
162,-17.434554973821996,-66.25,0.2367,42.74620486824724,36.89753443826039,3.0121110330962293,11.01280857416151,0.16666666666666666,6
163,-16.492146596858646,-66.25,0.2367,111.51077996631822,54.90716443319678,4.786326290213369,52.8618386212605,0.10382513661202186,493
164,-15.549738219895294,-66.25,0.2367,73.57259951579093,72.66231395159265,7.912755918178144,23.107502929289943,0.24761904761904763,36
165,-14.607329842931941,-66.25,0.2367,38.890456608037006,83.42511031932966,9.183401526783545,13.264820625312257,0.43333333333333335,3
166,-13.664921465968591,-66.25,0.2367,34.93279404150074,52.77340004094663,5.815312458958837,13.936202390172202,0.5,1
167,-12.72251308900524,-66.25,0.2367,33.62885745645114,95.86413642566185,11.178495813464687,13.995789079732209,0.25,3
168,-11.780104712041888,-66.25,0.2367,35.63641980653602,88.29186456769654,11.69213635468247,14.404009687742029,0.2619047619047619,14
169,-10.837696335078537,-66.25,0.2367,37.80046335136917,72.17654075714336,13.553255164454658,12.04923362421123,0.42857142857142855,9
170,-9.895287958115185,-66.25,0.2367,46.19764451908893,58.556280211779516,15.562202921843648,11.993183930360935,0.2857142857142857,15
171,-8.952879581151834,-66.25,0.2367,60.15759518658514,48.29643245921373,18.671006843928595,11.946545278502283,0.3605769230769231,13
172,-8.010471204188482,-66.25,0.2367,73.86594003926015,79.6483445466856,22.555038717944655,22.571537555182175,0.3051330798479088,62
173,-7.0680628272251305,-66.25,0.2367,98.98923496405007,85.69889631280111,26.396207554947562,27.41882159379771,0.33973834832379396,200
174,-6.12565445026178,-66.25,0.2367,137.1446760123283,99.62470851199389,31.72994118429664,40.86355315259624,0.24521988527724664,634
175,-5.183246073298429,-66.25,0.2367,176.0254208255593,102.79729010688008,36.56267503465244,50.163670687483716,0.26522609711329886,896
176,-4.2408376963350785,-66.25,0.2367,201.55317432124536,104.36797623112713,40.924013327473595,56.536415330961646,0.2627368939207482,1247
177,-3.298429319371728,-66.25,0.2367,227.16109136507924,100.9436154916689,43.938205974195,55.45173235818898,0.30397429171038826,1287
178,-2.356020942408377,-66.25,0.2367,258.1742620939742,105.97702714342833,47.06255707319696,59.736665339378035,0.30941191413692365,1468
179,-1.4136125654450262,-66.25,0.2367,311.7624008258148,107.27615807962138,48.656028130799676,62.84331470475897,0.34335418892110486,1481
180,-0.4712041884816754,-66.25,0.2367,361.32786260099414,97.88965183661018,49.944307385512616,59.34831473104603,0.3638401195367949,1269
181,0.4712041884816754,-66.25,0.2367,385.0799176549045,94.16446816156947,47.38367470187039,56.13776735970892,0.38952654232424677,1153
182,1.4136125654450262,-66.25,0.2367,432.017816516358,93.20249367183277,42.433580599399455,53.43444067554039,0.4107937685459941,816
183,2.356020942408377,-66.25,0.2367,502.58162753828947,89.62739536882081,30.917203444991387,45.02189928464492,0.4490909090909091,515
184,-18.376963350785346,-65.0,0.2367,34.730288099125616,58.819127494420236,2.0360401912804003,15.358855567476645,0.16666666666666666,11
185,-17.434554973821996,-65.0,0.2367,77.57441649704737,20.826758659635694,3.140410930786569,13.059439408682447,0.5,3
186,-16.492146596858646,-65.0,0.2367,69.64145595349632,68.52509110898936,5.412635886681511,24.447226868329082,0.14835164835164835,36
187,-15.549738219895294,-65.0,0.2367,34.33877175703754,55.334097164768785,5.385702554243578,11.363464761186002,0.5,0
188,-14.607329842931941,-65.0,0.2367,32.49853265047109,71.83549784864533,6.8632490850751235,13.210218727177367,0.16666666666666666,3
189,-13.664921465968591,-65.0,0.2367,34.82165207116741,64.49793129578555,6.698821168132469,15.147065072031364,0.16666666666666666,6
190,-12.72251308900524,-65.0,0.2367,33.963874419528224,74.06287392277676,8.579266229150871,13.750394684877868,0.16666666666666666,8
191,-11.780104712041888,-65.0,0.2367,33.08491331102525,77.68385348966592,11.875364597302234,11.043415964922625,0.16666666666666666,4
192,-10.837696335078537,-65.0,0.2367,39.43869293256319,46.4305436148025,13.464530947143595,7.21978220605229,0.23809523809523808,3
193,-9.895287958115185,-65.0,0.2367,50.94968979943513,14.117404596203372,15.545056521969867,2.8159523401120397,0.4,0
194,-8.952879581151834,-65.0,0.2367,64.61749400114158,32.452818420633264,18.84426932355841,7.718464896988759,0.38181818181818183,2
195,-8.010471204188482,-65.0,0.2367,80.39357014891017,66.07592884726998,22.82149786986507,16.833102214750717,0.3096774193548387,35
196,-7.0680628272251305,-65.0,0.2367,102.99962793441232,54.19212839671329,27.25352118549071,15.740827029515595,0.41381766381766383,42
197,-6.12565445026178,-65.0,0.2367,136.6463065439637,96.82408213142192,32.924130983135235,35.29772182274003,0.24517468849254825,476
198,-5.183246073298429,-65.0,0.2367,166.63074436748596,61.068383620900555,36.8743506452922,27.138305068367092,0.3730616660656329,328
199,-4.2408376963350785,-65.0,0.2367,212.99880104326073,59.447897548453,41.1936503336716,30.719057575193492,0.33803409808461377,564
200,-3.298429319371728,-65.0,0.2367,222.51558829359948,76.50443463056513,44.53704136508031,37.77557424871198,0.34274122420179925,768
201,-2.356020942408377,-65.0,0.2367,252.54124147507636,106.66138833154727,49.144368559646594,53.03041168319753,0.3277785828140849,1107
202,-1.4136125654450262,-65.0,0.2367,332.9169945184414,109.154867704555,53.23251418038078,63.12210278406701,0.34832437559279167,1166
203,-0.4712041884816754,-65.0,0.2367,381.4590411150582,106.84623711765776,54.521851760914004,63.31705123794928,0.36350311469402713,1059
204,0.4712041884816754,-65.0,0.2367,418.5050733232431,99.63514282591628,49.639276861751156,54.70213294342879,0.39173998044965785,870
205,1.4136125654450262,-65.0,0.2367,435.13859104312274,103.63153089350999,45.930136133884076,48.74009559130249,0.4246153846153846,576
206,-20.261780104712045,-63.75,0.2367,20.814096459031884,9.590245876271666,0.963273163685221,1.6512547508580366,0.0,0
207,-19.319371727748695,-63.75,0.2367,26.873892625458197,31.06620247987732,1.8259834177639467,5.425872828967805,0.0,0
208,-18.376963350785346,-63.75,0.2367,41.15484060028037,38.28217724271951,2.2974525827447145,10.73076497899461,0.0,0
209,-17.434554973821996,-63.75,0.2367,54.05055355734116,11.967732852643408,3.2163194238179598,4.059947496568122,0.0,0
210,-16.492146596858646,-63.75,0.2367,33.60883262192128,57.75923235280965,4.206167717814501,9.771966468685722,0.0,1
211,-15.549738219895294,-63.75,0.2367,29.13225770978955,68.32924989839299,5.76688435559711,10.252042763889577,0.0,3
212,-14.607329842931941,-63.75,0.2367,29.687422863429394,74.76318684637356,7.057056275559565,10.88621253615941,0.0,3
213,-13.664921465968591,-63.75,0.2367,31.05504719218263,78.07399253585132,7.667232459430063,12.182874415566861,0.0,5
214,-12.72251308900524,-63.75,0.2367,27.1124002905678,87.15758488118972,9.688852637979403,9.657966423459944,0.0,4
215,-11.780104712041888,-63.75,0.2367,28.78508249741207,28.105943447262536,10.752825866946107,3.1252644267778065,0.0,0
216,-10.837696335078537,-63.75,0.2367,34.473350320545485,70.69842972363362,13.443629773074177,8.831469897364194,0.0,4
217,-9.895287958115185,-63.75,0.2367,44.406182133626274,13.706360944209994,15.914736069066969,2.039646706854269,0.0,0
218,-8.952879581151834,-63.75,0.2367,57.71406175314192,4.186137075293956,18.65813555613396,0.8267150143658842,0.5333333333333333,0
219,-8.010471204188482,-63.75,0.2367,77.1242955407147,19.373298698952226,22.122653992630227,4.784552356325343,0.5098039215686274,1
220,-7.0680628272251305,-63.75,0.2367,108.91224195254863,31.066175581192145,26.937434592982733,9.945969052367293,0.4667487684729064,4
221,-6.12565445026178,-63.75,0.2367,128.3105290929417,81.9165607961785,32.91937370652387,26.947658011434854,0.29884643114635906,275
222,-5.183246073298429,-63.75,0.2367,166.92026886114832,90.36398791971604,38.39099187762654,36.38373902903141,0.2886441705395029,457
223,-4.2408376963350785,-63.75,0.2367,199.917290877073,37.03045737692594,41.9996032312439,16.361259693160353,0.40074074074074073,127
224,-3.298429319371728,-63.75,0.2367,229.65762964249922,108.80457767627145,47.299233346509425,49.864906872106154,0.3143371325734853,738
225,-2.356020942408377,-63.75,0.2367,279.48625588555007,110.16381078170743,52.9920895236564,56.538730729645096,0.33345830833833234,897
226,-1.4136125654450262,-63.75,0.2367,364.3572047522472,107.88697793202223,57.11271798720771,64.85556928331597,0.3477711033828644,943
227,-0.4712041884816754,-63.75,0.2367,390.6671883918937,106.51559945329085,56.38417465857061,61.71508240122951,0.3749523809523809,816
228,0.4712041884816754,-63.75,0.2367,458.2507884459862,101.76409820727312,53.26181827694823,55.7446208638268,0.39574366331898614,730
229,1.4136125654450262,-63.75,0.2367,468.48772377946887,83.02399814962176,49.03337202822464,37.9405952872225,0.438179347826087,405
230,3.298429319371728,-63.75,0.2367,445.1641666516729,102.13529416171473,19.48012150358575,34.66389441604263,0.46336206896551724,103
231,-19.319371727748695,-62.5,0.2367,25.43428186875001,24.21695570592332,1.4576809122932814,6.14481210261256,0.0,0
232,-18.376963350785346,-62.5,0.2367,31.244740358093594,10.865007570177244,1.7412743558646004,2.8090062497114454,0.0,0
233,-17.434554973821996,-62.5,0.2367,32.13031421188916,5.413061769185933,1.8910378362561253,1.3188863632724872,0.0,0
234,-16.492146596858646,-62.5,0.2367,29.600643875618456,38.78306510595377,3.485743994827243,5.43979731730013,0.0,0
235,-15.549738219895294,-62.5,0.2367,26.75284026652408,40.861393284138856,4.589346272258089,5.41717746919663,0.0,0
236,-14.607329842931941,-62.5,0.2367,28.51656796390097,75.74598651226614,6.498648068612257,8.443451609346424,0.0,3
237,-13.664921465968591,-62.5,0.2367,30.18895054036016,84.8342810749211,8.248621590983198,9.658220203414078,0.0,5
238,-12.72251308900524,-62.5,0.2367,31.70407890290057,86.21482523312832,9.570050676361532,8.761565950181728,0.0,3
239,-11.780104712041888,-62.5,0.2367,35.15207765126975,33.06074977620231,9.865900436282397,3.6323152326627675,0.0,0
240,-10.837696335078537,-62.5,0.2367,43.67310639651126,48.55850948508864,12.60411314795658,6.101983478681946,0.0,3
241,-9.895287958115185,-62.5,0.2367,53.99778088935449,1.18154415127661,15.265434183013195,0.1785984718312987,0.0,0
242,-8.952879581151834,-62.5,0.2367,61.36835693201735,14.87611069104638,18.171355723076445,2.8330836723428763,0.5,0
243,-8.010471204188482,-62.5,0.2367,81.72582827116663,23.54101166207814,21.58803894175222,5.724905311491077,0.4875,3
244,-7.0680628272251305,-62.5,0.2367,99.53751235089021,10.672832027133577,26.033397127729014,2.9578738289910227,0.47282608695652173,0
245,-6.12565445026178,-62.5,0.2367,127.47461061287737,32.00050664688427,32.308932514530554,10.273318897688526,0.4417989417989418,26
246,-5.183246073298429,-62.5,0.2367,163.0422074090394,92.88321199400771,39.218413739092,35.772656482566774,0.29553775743707095,322
247,-4.2408376963350785,-62.5,0.2367,195.49920233668036,39.731802025151794,42.65993529960941,17.28007621441588,0.39062994618550173,142
248,-3.298429319371728,-62.5,0.2367,227.93323555044404,100.05875978012747,49.20566328318013,45.06245376303896,0.33613227146814406,488
249,-2.356020942408377,-62.5,0.2367,306.65154800010396,101.95380483721168,55.62219371621206,53.416954002529366,0.33961544330840837,723
250,-1.4136125654450262,-62.5,0.2367,369.2000791315595,55.99307640515068,55.20291370569773,32.315954370135444,0.4014825956166738,567
251,-0.4712041884816754,-62.5,0.2367,442.6753689916233,95.04227649384876,56.241037191089454,58.51073891752825,0.3895648587337595,642
252,0.4712041884816754,-62.5,0.2367,526.6319761111378,94.52066924666036,55.65570432975503,54.90990215508338,0.4092535787321063,571
253,1.4136125654450262,-62.5,0.2367,531.4191307074575,65.61226547336766,51.93492695165959,30.255536164943496,0.43888354186718,249
254,2.356020942408377,-62.5,0.2367,514.4163064643801,90.90552070869671,38.825340537351515,32.76448458094257,0.4381818181818182,189
255,3.298429319371728,-62.5,0.2367,430.2467088352288,107.49003583203589,28.07050572085912,29.32569268337974,0.4776386404293381,98
256,-18.376963350785346,-61.25,0.2367,29.902446520223997,33.92589041940611,1.7547591943841352,6.927898430790535,0.0,0
257,-17.434554973821996,-61.25,0.2367,28.615338271079757,20.982001939498925,2.2566189709371383,2.8266533347440856,0.0,0
258,-16.492146596858646,-61.25,0.2367,27.223056855542957,26.259633415735276,2.8935169858685077,3.0952660790644417,0.0,0
259,-15.549738219895294,-61.25,0.2367,27.414243846882087,33.54473757085148,4.306260207577072,2.8729566593751112,0.0,0
260,-14.607329842931941,-61.25,0.2367,28.65834425574369,67.66469295396924,6.295682070041075,5.474616455034478,0.0,3
261,-13.664921465968591,-61.25,0.2367,31.492354934918247,81.59449566156228,8.114413654719034,7.002870374660665,0.0,2
262,-12.72251308900524,-61.25,0.2367,32.70529998218083,20.12275244615004,8.959226501627748,1.7702998921669908,0.0,0
263,-11.780104712041888,-61.25,0.2367,41.84166817524761,15.540682205261756,10.012082875127915,1.8431832198311575,0.0,0
264,-10.837696335078537,-61.25,0.2367,46.99686133470183,45.0640415762235,13.452640394457388,5.226096769581406,0.0,3
265,-9.895287958115185,-61.25,0.2367,58.485947456448955,24.1358124659117,16.07880527982588,3.8078525367858562,0.0,1
266,-8.952879581151834,-61.25,0.2367,70.03337361639427,22.776100547553444,18.607280824129635,4.593686213391845,0.5,3
267,-8.010471204188482,-61.25,0.2367,83.08109194884807,19.590110949260666,21.80996671904446,4.503183121602526,0.4727272727272727,3
268,-7.0680628272251305,-61.25,0.2367,97.48619518567939,51.065433114493985,26.50232965217564,13.104658925694476,0.36369770580296895,48
269,-6.12565445026178,-61.25,0.2367,120.80741379839955,45.31023621989236,32.07886585402216,13.22219529068771,0.39461279461279464,69
270,-5.183246073298429,-61.25,0.2367,156.86040578318108,29.953855676050466,37.6766577614542,10.85671142370281,0.4158469945355191,34
271,-4.2408376963350785,-61.25,0.2367,188.25045679459964,6.898272467651668,41.499801721852485,2.7174903757939877,0.4009351256575102,0
272,-3.298429319371728,-61.25,0.2367,224.74387663497896,31.695179465776572,47.94669371504256,13.178379178482361,0.4169069935111752,85
273,-2.356020942408377,-61.25,0.2367,277.29013018068036,101.95702057759331,55.26351317632668,46.41099839882628,0.35231135282121007,476
274,-1.4136125654450262,-61.25,0.2367,364.19616514435756,68.70841251903703,56.55445890756295,36.384048692144496,0.38430775090458963,491
275,-0.4712041884816754,-61.25,0.2367,479.0039695911002,60.09980184831979,55.954431086814374,36.39830842007688,0.4048716260697828,432
276,0.4712041884816754,-61.25,0.2367,539.8717243989407,58.45051573632977,55.84249312016428,32.990618745539535,0.4249774028321784,302
277,1.4136125654450262,-61.25,0.2367,518.2843787629424,47.3206785344084,52.95066860567253,18.596049592979856,0.45928080380750924,122
278,2.356020942408377,-61.25,0.2367,471.83138114275823,9.126210505479735,45.67105767006385,2.3130625175997945,0.5013495276653172,6
279,3.298429319371728,-61.25,0.2367,361.9380938954783,76.94946262945986,35.40663784030314,11.25363805510517,0.4819734345351044,27
280,4.2408376963350785,-61.25,0.2367,237.19714633934984,81.1508894696801,18.616194202496896,7.368904336497712,0.5493421052631579,15
281,-15.549738219895294,-60.0,0.2367,28.608927136874584,39.43248029479742,2.9934214818240816,3.687173146941173,0.0,0
282,-14.607329842931941,-60.0,0.2367,26.817288339810766,42.07461689295969,5.917292058311878,2.3942352525159145,0.0,0
283,-13.664921465968591,-60.0,0.2367,27.53044135518269,26.743808184282365,7.233652009932451,1.803880485976189,0.0,0
284,-12.72251308900524,-60.0,0.2367,31.258314240333988,38.473732307041,8.953385583204069,2.9426823974038148,0.0,0
285,-11.780104712041888,-60.0,0.2367,40.703211385277896,73.4848070294579,11.412874379194365,7.458457027725017,0.3333333333333333,8
286,-10.837696335078537,-60.0,0.2367,49.47260527119567,91.85971659312402,14.59542977288964,10.819247158518426,0.05357142857142857,10
287,-9.895287958115185,-60.0,0.2367,55.8027695388681,36.18657176834991,16.991445075781208,5.184638953261231,0.5,2
288,-8.952879581151834,-60.0,0.2367,69.39597856371853,18.129311182135105,19.701113150177,3.495035851797754,0.3333333333333333,1
289,-8.010471204188482,-60.0,0.2367,83.35903502782726,45.625308497466854,22.80974560491082,10.069951945293791,0.2908496732026144,24
290,-7.0680628272251305,-60.0,0.2367,101.11889955172185,2.3707944858927816,27.05050171597386,0.5793385458002636,0.43448275862068964,0
291,-6.12565445026178,-60.0,0.2367,125.18024823684885,21.962945850278565,31.297212163986334,6.16978444518774,0.450609756097561,6
292,-5.183246073298429,-60.0,0.2367,150.75250146322668,32.037260497540046,36.67222075327956,9.887490686008963,0.43107344632768363,43
293,-4.2408376963350785,-60.0,0.2367,185.31982740106974,4.380749793390845,40.669439739292415,1.5875238979718012,0.3913690476190476,0
294,-3.298429319371728,-60.0,0.2367,228.62220764751356,11.466097402953457,45.74805493709505,4.3756467907785614,0.4072420634920635,3
295,-2.356020942408377,-60.0,0.2367,267.027157457872,2.211299063841465,51.912925612922685,0.8695819226490881,0.3939393939393939,0
296,-1.4136125654450262,-60.0,0.2367,365.6505247918597,27.41809554236135,53.88278977374246,13.27185909548608,0.42592592592592593,157
297,-0.4712041884816754,-60.0,0.2367,476.010300413485,90.44640133768651,57.572369308323864,51.37099764179127,0.4019211324570273,396
298,0.4712041884816754,-60.0,0.2367,520.0403795294272,89.3629182602312,58.200443846615116,41.78267822367266,0.42108079186730873,273
299,1.4136125654450262,-60.0,0.2367,515.0650569026841,11.730661991567255,50.89135219206822,3.459783289204708,0.4726530612244898,6
300,2.356020942408377,-60.0,0.2367,468.77227410264504,45.69087018996832,43.20565337710358,7.142046581252299,0.4611764705882353,31
301,3.298429319371728,-60.0,0.2367,368.53105174615854,88.99393979472607,37.58821284319136,6.8675141532657245,0.4807692307692308,8
302,4.2408376963350785,-60.0,0.2367,271.548891658629,92.1740543875151,27.13621455555651,3.6643885922895927,0.5283333333333333,3
303,5.183246073298429,-60.0,0.2367,268.2550396842349,97.94750534603595,16.157334731738132,2.373086574771979,0.5857142857142857,1
304,-13.664921465968591,-58.75,0.2367,28.33956236789303,58.9655507657478,5.357921873233986,5.295054140054656,0.0,0
305,-12.72251308900524,-58.75,0.2367,29.521206948731496,91.19474341309623,9.487510350476493,6.033724878835704,0.0,5
306,-11.780104712041888,-58.75,0.2367,38.412326155869806,59.72590544358455,11.590204621344148,5.185513552872278,0.08333333333333333,2
307,-10.837696335078537,-58.75,0.2367,46.6071288180663,12.800108717212005,14.228589381801173,1.368949878833747,0.5,0
308,-9.895287958115185,-58.75,0.2367,58.40520649522662,5.4962332360877815,16.44088270779033,0.7920328961887686,0.5,0
309,-8.952879581151834,-58.75,0.2367,75.7632694907144,13.90811767842719,18.566800352462554,2.875588806951932,0.5,1
310,-8.010471204188482,-58.75,0.2367,94.11525724455214,62.34873262816645,22.224939956911243,14.736714866160314,0.20355731225296442,87
311,-7.0680628272251305,-58.75,0.2367,109.25066532547217,4.37178018299357,26.86753208983924,1.0280838515607058,0.44861660079051385,0
312,-6.12565445026178,-58.75,0.2367,131.87974552489243,69.97419268248989,32.35815807390624,18.373489380509152,0.3516110797060486,100
313,-5.183246073298429,-58.75,0.2367,161.96242778974485,106.86432488938324,38.29118300665746,31.383109652338028,0.3422522787415466,180
314,-4.2408376963350785,-58.75,0.2367,179.38069690860002,48.165409985888324,41.01732792014776,15.19531165082739,0.37018716577540106,156
315,-3.298429319371728,-58.75,0.2367,224.60415231129463,12.715790454209609,45.266507460310265,4.198985227861484,0.40955710955710956,3
316,-2.356020942408377,-58.75,0.2367,245.70003354629614,22.16752409120716,49.27842185826085,7.118525550143585,0.4059319059319059,46
317,-1.4136125654450262,-58.75,0.2367,355.02561591378685,92.40569971365858,55.050636994380014,39.61865021270125,0.39092530215969884,275
318,-0.4712041884816754,-58.75,0.2367,465.452709945466,104.1996903717645,58.60546499965837,54.96189300722343,0.4093938091143594,336
319,0.4712041884816754,-58.75,0.2367,510.79776346830727,102.92813681023254,59.61634658477865,47.753862963254754,0.4286315199102636,228
320,-13.664921465968591,-57.5,0.2367,25.47340692645902,69.91214091808614,6.283723720280814,4.75107693418002,0.0,0
321,-12.72251308900524,-57.5,0.2367,30.07374045050358,82.10679434611781,9.52272861583872,5.1164202576490165,0.0,1
322,-11.780104712041888,-57.5,0.2367,35.82036484718448,23.092630134443755,11.271340392790899,1.9715947943759793,0.0,0
323,-10.837696335078537,-57.5,0.2367,44.827234922295844,23.617383029731457,13.566454118153002,2.402266730777615,0.0,0
324,-9.895287958115185,-57.5,0.2367,56.54309442305058,2.7518645525817624,16.781187244418934,0.34158166099366366,0.0,0
325,-8.952879581151834,-57.5,0.2367,69.74458524967056,34.261330541201474,19.65397655240527,5.42269372887813,0.5,6
326,-8.010471204188482,-57.5,0.2367,91.70170884820473,38.226294444919766,22.796419450856682,7.277783284997573,0.3923076923076923,23
327,-7.0680628272251305,-57.5,0.2367,109.86326506999856,70.25946001072045,28.013455705560908,13.852418863432268,0.28783783783783784,62
328,-6.12565445026178,-57.5,0.2367,123.20031705806961,17.698291266371506,33.49546505032587,3.3575757246725444,0.446843853820598,3
329,-5.183246073298429,-57.5,0.2367,155.68704286970623,59.256462344506524,39.59111436809444,14.56441998327878,0.3958592132505176,64
330,-4.2408376963350785,-57.5,0.2367,173.24443777817456,36.58463740978608,41.26347992920157,10.245543679137478,0.38686708860759494,66
331,-3.298429319371728,-57.5,0.2367,192.94392853705037,51.3396755472326,44.798738568344156,13.211463656841653,0.3850889192886457,95
332,-2.356020942408377,-57.5,0.2367,235.7658268558996,46.03815869179799,48.93317485185575,12.459794384710833,0.3920371275036639,107
333,-1.4136125654450262,-57.5,0.2367,311.029041473959,97.88314353519301,56.08248324633452,35.13778403575486,0.4032882011605416,202
334,-0.4712041884816754,-57.5,0.2367,398.5676105518699,65.27344135375712,59.70381280511842,28.71365439299372,0.42745098039215684,172
335,0.4712041884816754,-57.5,0.2367,455.747944698118,64.79131071484545,60.26941069828275,27.793599216104404,0.4306523115896137,131
336,1.4136125654450262,-57.5,0.2367,445.9127749309884,47.67825414056703,52.02086189256705,13.383855935668242,0.45436507936507936,48
337,-13.664921465968591,-56.25,0.2367,25.69518467892389,40.33850478275217,6.340532705069865,2.5733991156296123,0.0,0
338,-12.72251308900524,-56.25,0.2367,28.50375045360242,50.719629395919,8.60041477663151,3.7153003713132113,0.0,0
339,-11.780104712041888,-56.25,0.2367,29.22016246648042,10.141892767609356,10.520805455027599,0.7834939468721762,0.0,0
340,-10.837696335078537,-56.25,0.2367,36.63052688234025,27.216912834548587,13.410860391124979,2.3582121621471286,0.0,0
341,-9.895287958115185,-56.25,0.2367,44.45461012228265,0.5177094265054635,16.02738373246937,0.04949836766613722,0.0,0
342,-8.952879581151834,-56.25,0.2367,53.673183957892114,64.5753015675162,20.13255659809637,7.376439738064223,0.32142857142857145,22
343,-8.010471204188482,-56.25,0.2367,76.10943643935417,56.95341138174774,24.812165311286194,7.36778729845429,0.3333333333333333,17
344,-7.0680628272251305,-56.25,0.2367,95.22755365812444,28.110190590202794,28.932283469824412,4.123732415544757,0.4150197628458498,6
345,-6.12565445026178,-56.25,0.2367,116.1339838333885,20.682997959227116,32.75605771851971,3.4914146363950884,0.4519230769230769,3
346,-5.183246073298429,-56.25,0.2367,134.98142318113676,20.040264691658685,37.70409083496252,3.9103086749826677,0.4307644110275689,5
347,-4.2408376963350785,-56.25,0.2367,148.34789553557184,29.055790167576454,39.6769185826449,5.965276584224059,0.4113384484228474,15
348,-3.298429319371728,-56.25,0.2367,182.2763140151044,29.896017245560106,43.41448270977936,6.62282649092209,0.4092465753424658,23
349,-2.356020942408377,-56.25,0.2367,229.4478426958929,53.12140369021752,51.00806280684363,11.746619312089633,0.3943820224719101,56
350,-1.4136125654450262,-56.25,0.2367,234.57913760909958,44.30395771120298,55.52706243631644,10.089402153438064,0.42813112916783413,64
351,-0.4712041884816754,-56.25,0.2367,282.83748886860246,75.71540466560114,58.94282340685211,18.488682217869762,0.4388511426806671,74
352,0.4712041884816754,-56.25,0.2367,329.16483063097695,76.56035166005196,60.875143204821285,18.62697037412277,0.4323076923076923,66
353,1.4136125654450262,-56.25,0.2367,327.5552100034304,96.54196053194572,54.03274573627961,17.52339141379896,0.4505827505827506,29
354,-14.607329842931941,-55.0,0.2367,22.39102084951508,62.8815372901684,5.26691159907971,3.236824962900527,0.0,0
355,-13.664921465968591,-55.0,0.2367,26.13721361692412,74.81091730149008,6.742756410306101,4.614235353822249,0.0,1
356,-12.72251308900524,-55.0,0.2367,24.591454065768467,24.183979683425164,8.432457723059118,1.539141146648337,0.0,0
357,-11.780104712041888,-55.0,0.2367,22.82902385566102,1.7228940068886005,10.280042671003988,0.10093967352143723,0.0,0
358,-10.837696335078537,-55.0,0.2367,25.918721767200758,2.5774666910553106,13.067734186908343,0.17137553887359863,0.0,0
359,-9.895287958115185,-55.0,0.2367,34.8918043926562,6.335086538730269,15.911409163257401,0.48320393248421806,0.0,0
360,-8.952879581151834,-55.0,0.2367,49.218983027794295,59.136884301324834,20.312352313937073,5.522985666777814,0.35714285714285715,12
361,-8.010471204188482,-55.0,0.2367,66.09800822706357,11.767616365823114,25.075671841039192,1.2248570723487444,0.3181818181818182,0
362,-7.0680628272251305,-55.0,0.2367,79.97241574796688,20.34046603980754,28.410181426041287,2.2977937075183292,0.42142857142857143,3
363,-6.12565445026178,-55.0,0.2367,101.55777356389723,31.134523928790962,32.12057285612464,4.321594660205988,0.44743589743589746,8
364,-5.183246073298429,-55.0,0.2367,120.90706964397422,39.199744008801076,35.826167473978636,5.8450484458349425,0.41963763880771476,19
365,-4.2408376963350785,-55.0,0.2367,139.6067367013195,7.5103494122965655,38.058293298230495,1.149801137157627,0.41129943502824856,0
366,-3.298429319371728,-55.0,0.2367,163.06560626097007,11.898162971921074,43.116801108988895,1.8858998097952706,0.41294992175273865,2
367,-2.356020942408377,-55.0,0.2367,231.30374836786615,29.208399826179292,49.52430180807771,4.737579105655766,0.40820424555364315,18
368,-1.4136125654450262,-55.0,0.2367,214.95786362386158,35.94167160404475,52.04309600006328,5.38364290769704,0.43544303797468353,19
369,-0.4712041884816754,-55.0,0.2367,244.43859816046765,89.79170053842061,55.84278733499864,14.119387672023048,0.4448352462051092,37
370,0.4712041884816754,-55.0,0.2367,256.1720140007852,89.7814250598826,57.17454996998021,12.273776371135607,0.4390966308774528,24
371,1.4136125654450262,-55.0,0.2367,249.89800543474166,106.69613376460312,53.52295801598808,10.827289943351271,0.453125,16
372,2.356020942408377,-55.0,0.2367,264.959972514955,95.93099453849115,41.951316980786125,6.36873253991927,0.4636617749825297,5
373,-14.607329842931941,-53.75,0.2367,23.847747151412307,73.86705473763318,5.094596059719064,3.1630740285273253,0.0,1
374,-13.664921465968591,-53.75,0.2367,24.490107453137067,78.84272589476322,7.005711322505397,3.9895629347367514,0.0,1
375,-12.72251308900524,-53.75,0.2367,19.630240637128594,32.807137989649526,8.73464489634757,1.4883084489167575,0.0,0
376,-11.780104712041888,-53.75,0.2367,19.42393317632951,51.54304963273353,10.8280422889834,2.361002611447076,0.0,0
377,-10.837696335078537,-53.75,0.2367,23.2098820123462,22.09179755908774,13.229500307636554,1.226971988000639,0.0,0
378,-9.895287958115185,-53.75,0.2367,31.56557742426461,23.02456611650203,16.14744814201817,1.5725360182668315,0.0,0
379,-8.952879581151834,-53.75,0.2367,39.959644865395234,71.29365706549746,20.53440809004348,5.134986903436022,0.4074074074074074,15
380,-8.010471204188482,-53.75,0.2367,54.52163880180373,90.59975951621071,24.422191204424767,8.332198234285075,0.23333333333333334,29
381,-7.0680628272251305,-53.75,0.2367,66.57441728904354,41.06823912552512,28.713233898399505,4.070870883946505,0.38735177865612647,8
382,-6.12565445026178,-53.75,0.2367,79.13800380369861,15.914725607706265,32.50524660569524,1.4793877990197735,0.4402560455192034,1
383,-5.183246073298429,-53.75,0.2367,98.99210195213364,9.569895254648841,35.39248460528918,0.9098982284700432,0.4238310708898944,0
384,-4.2408376963350785,-53.75,0.2367,127.35946364218668,17.504511163928232,37.383179718176756,1.8233183188509625,0.41073446327683616,3
385,-3.298429319371728,-53.75,0.2367,166.41165899172427,1.8310481741503206,40.98427652165835,0.21969857142935728,0.4185848252344416,0
386,-2.356020942408377,-53.75,0.2367,197.20719742082,39.46892812159584,46.52485689682002,4.437796343271793,0.428919182083739,16
387,-1.4136125654450262,-53.75,0.2367,233.7988853485433,22.96142409176716,49.93489238296767,2.3794865091638053,0.43756243756243757,5
388,-0.4712041884816754,-53.75,0.2367,235.1781960088635,68.13207452800165,53.09766286234164,6.380657102489831,0.4462050078247261,12
389,0.4712041884816754,-53.75,0.2367,213.64879765114,66.5161274860953,54.21075359056315,4.404102507986672,0.44072769953051644,9
390,1.4136125654450262,-53.75,0.2367,204.3779462432881,46.49414829831031,50.53520170873888,1.5889150822453528,0.44802867383512546,3
391,2.356020942408377,-53.75,0.2367,209.30531589997295,55.23553665375838,42.77763698018088,1.2704739918383487,0.4638009049773756,1
392,-13.664921465968591,-52.5,0.2367,23.522476570376924,70.0261700344261,5.9043664148117125,2.809741322618698,0.0,1
393,-12.72251308900524,-52.5,0.2367,19.459161704009286,47.39942523457896,8.60135442476982,1.5663876043466756,0.0,0
394,-11.780104712041888,-52.5,0.2367,18.803872170905592,64.66463603823144,11.085633805866946,2.392188713365921,0.0,1
395,-10.837696335078537,-52.5,0.2367,23.719528194463642,51.91166639781189,13.77631747804055,2.323497394782505,0.0,1
396,-9.895287958115185,-52.5,0.2367,28.461848584703343,64.18996190716133,17.34664179035631,2.9316697501044944,0.0,3
397,-8.952879581151834,-52.5,0.2367,34.73549539935047,84.88245548518815,21.641814249170217,4.567693962659636,0.26136363636363635,8
398,-8.010471204188482,-52.5,0.2367,49.526972363954926,72.1167049157859,25.53682522812471,5.579157497181883,0.2987012987012987,11
399,-7.0680628272251305,-52.5,0.2367,51.479794912493034,21.407968603128275,27.67801338551472,1.5266634822548646,0.4041666666666667,1
400,-6.12565445026178,-52.5,0.2367,58.47706007653639,10.024976144149813,30.410242557426063,0.5176394712404455,0.42165242165242167,0
401,-5.183246073298429,-52.5,0.2367,81.00732837272605,48.523869008342736,34.379008780047556,2.829011940943507,0.42686170212765956,9
402,-4.2408376963350785,-52.5,0.2367,124.78892401198834,37.80328996589747,37.43368529786326,3.0198153046917176,0.43571011104617186,7
403,-3.298429319371728,-52.5,0.2367,171.89185026676242,8.194389821920854,40.063512529063864,0.7591360153499666,0.42091346153846154,0
404,-2.356020942408377,-52.5,0.2367,208.0762817887783,69.81740996560242,47.031500865800595,5.063762791360783,0.42840054682159945,7
405,-1.4136125654450262,-52.5,0.2367,249.63903638624006,15.054593785713392,50.67956814485371,0.6583107892718714,0.42993827160493825,1
406,-0.4712041884816754,-52.5,0.2367,233.353830157807,47.24943090667207,52.195915535903886,1.5151318596011278,0.43891151425398,3
407,0.4712041884816754,-52.5,0.2367,205.6463262856602,45.655689950056875,53.361244697217494,1.0191110875849665,0.4387366818873668,1
408,-8.952879581151834,-51.25,0.2367,37.57386278947403,11.32553412633682,20.79559942891491,0.48795801723870097,0.6666666666666666,0
409,-8.010471204188482,-51.25,0.2367,42.380481073649186,40.87909723924038,24.566968006983856,1.9138533712881127,0.4666666666666667,1
410,-7.0680628272251305,-51.25,0.2367,42.317709329763346,29.381439917524613,28.075149071371985,0.952108127177486,0.42857142857142855,1
411,-5.183246073298429,-51.25,0.2367,76.86915947014094,51.78650670849698,36.25151626948345,1.5986561626292055,0.4235690235690236,3
412,-4.2408376963350785,-51.25,0.2367,113.71722986232527,24.04515606908641,38.906620247318855,1.1106769632587157,0.4243799153055051,2
413,-3.298429319371728,-51.25,0.2367,159.17961570457425,1.5416321596793516,40.33684423898125,0.09557955632717466,0.41474850809889174,0
414,-2.356020942408377,-51.25,0.2367,203.64811427114427,19.501972028968925,45.63627449226542,0.6469908815189215,0.4231032125768968,1
415,-3.298429319371728,-50.0,0.2367,140.20317722366366,5.889560819827787,38.99739387338418,0.13288085915393075,0.4355191256830601,0
0,-6.12565445026178,-78.75,1.1514,51.849389662460844,35.08770863598887,4.234058791359492,12.24565586927408,0.0,0
1,-5.183246073298429,-78.75,1.1514,73.16081472199478,52.43297893467714,5.241528984033441,25.381707404932378,0.0,1
2,-4.2408376963350785,-78.75,1.1514,113.24438822008628,41.9391997334962,5.66096224393003,32.1070383676026,0.0,3
3,-3.298429319371728,-78.75,1.1514,128.52607600001,30.974908872254705,5.411708487740787,30.3155893027075,0.0,1
4,-2.356020942408377,-78.75,1.1514,143.45423135389055,68.11245854274603,7.3142662576245865,77.78983838365865,0.15,14
5,-1.4136125654450262,-78.75,1.1514,158.39042274899737,66.37160485799541,8.397117695183127,72.2758155985299,0.16666666666666666,7
6,-8.952879581151834,-77.5,1.1514,43.560370861559775,58.17166966778421,5.059276432837675,23.018555957515193,0.0,3
7,-8.010471204188482,-77.5,1.1514,46.57732645325556,56.28354942313429,6.341876049123908,20.95744957945495,0.0,2
8,-7.0680628272251305,-77.5,1.1514,51.49637789795115,48.02611810834647,6.777528839625194,19.895711030398587,0.0,0
9,-6.12565445026178,-77.5,1.1514,58.95410159708586,31.711961115072423,6.464277906861652,13.096025032350013,0.0,0
10,-5.183246073298429,-77.5,1.1514,88.52995546744069,69.60375926537277,8.550475725097701,28.29962828362508,0.0,1
11,-4.2408376963350785,-77.5,1.1514,141.79047134987798,94.00855246707991,11.051346954049334,58.78865750699798,0.0,3
12,-3.298429319371728,-77.5,1.1514,188.3669867198296,38.614241938159275,10.46244131950561,34.8391342234328,0.0,1
13,-2.356020942408377,-77.5,1.1514,211.25463774789768,53.88101136545456,11.995005412441387,56.36856560116823,0.3333333333333333,3
14,-1.4136125654450262,-77.5,1.1514,235.1000596613036,41.35838190108653,10.499333401918015,50.28077755562052,0.16666666666666666,3
15,-0.4712041884816754,-77.5,1.1514,229.30461400676862,49.19226776868103,8.057642753559394,65.52160107626077,0.16666666666666666,9
16,0.4712041884816754,-77.5,1.1514,195.9838899645945,52.34794894793612,7.5246161841514185,59.25607567478356,0.16666666666666666,5
17,-10.837696335078537,-76.25,1.1514,33.463486213011194,47.09235538333167,3.447936786467458,17.408603370635774,0.0,2
18,-9.895287958115185,-76.25,1.1514,54.106853505258464,47.47348108770721,5.338641452996327,23.172047858154695,0.0,0
19,-8.952879581151834,-76.25,1.1514,109.12396954693361,30.04445721723876,7.713199236405047,23.300328497836652,0.0,0
20,-8.010471204188482,-76.25,1.1514,91.83531834231032,58.94217954347109,10.05873531715775,30.01207395639202,0.0,1
21,-7.0680628272251305,-76.25,1.1514,85.77815671752477,57.227934123140706,10.614991891794931,26.129571132052966,0.0,0
22,-6.12565445026178,-76.25,1.1514,86.9881786792132,35.13418242949454,11.977842380264773,15.19860595007136,0.0,0
23,-5.183246073298429,-76.25,1.1514,97.19008181220029,96.27105670479526,15.08731452410792,44.417969580077894,0.0,1
24,-4.2408376963350785,-76.25,1.1514,123.23405155219504,104.00895030276304,17.892247500668066,62.79891762025392,0.0,8
25,-3.298429319371728,-76.25,1.1514,151.9196232203606,105.8015859071562,19.493809824736307,69.77668458734126,0.0,8
26,-2.356020942408377,-76.25,1.1514,168.7259843359596,106.4544116427527,20.360322234307247,66.48513863961917,0.10714285714285714,7
27,-1.4136125654450262,-76.25,1.1514,177.91726314966928,102.38832859078569,19.681329395303923,65.32851860864987,0.2222222222222222,15
28,-0.4712041884816754,-76.25,1.1514,202.1262517038199,64.32222986976545,17.140386141155787,44.138353401501824,0.25,3
29,0.4712041884816754,-76.25,1.1514,295.254345475561,55.68019495531681,12.655229611485241,53.14529351761806,0.3333333333333333,7
30,1.4136125654450262,-76.25,1.1514,286.07711184879383,5.134204123701675,4.787846720515951,5.106455794746908,0.0,0
31,-13.664921465968591,-75.0,1.1514,2.3401135354211506,32.46160196342728,1.2037667473170408,1.0368739477542164,0.0,0
32,-12.72251308900524,-75.0,1.1514,23.37761040557063,41.784673538516785,3.322542233809756,13.05778238308852,0.0,0
33,-11.780104712041888,-75.0,1.1514,60.46479055061691,44.965688200823344,4.7158963885173275,28.44620299638104,0.5,3
34,-10.837696335078537,-75.0,1.1514,138.10829066012133,37.04948897928429,9.311627363658886,36.23340895513594,0.16666666666666666,5
35,-9.895287958115185,-75.0,1.1514,92.65285723028819,58.58757550340685,13.578486884064166,28.07265580845681,0.5,1
36,-8.952879581151834,-75.0,1.1514,55.731138722795635,34.609069847014105,15.556506106289248,10.030604625522056,0.0,0
37,-8.010471204188482,-75.0,1.1514,43.75037005384675,65.73089480242905,15.353576784690613,16.5456809213673,0.0,0
38,-7.0680628272251305,-75.0,1.1514,50.463991253474916,91.23800097159145,15.614703717556893,26.27745877877049,0.0,0
39,-6.12565445026178,-75.0,1.1514,75.74196175371804,96.12389436167885,17.00479527934853,37.06008709877997,0.0,1
40,-5.183246073298429,-75.0,1.1514,118.27036142097448,98.83221883719511,19.577484032901406,60.60291875193159,0.16666666666666666,5
41,-4.2408376963350785,-75.0,1.1514,169.5968382648557,98.41113451949475,20.998687859051575,85.94693198161563,0.16666666666666666,20
42,-3.298429319371728,-75.0,1.1514,213.92982427696256,104.25675955956817,23.68602444625628,105.23153388899203,0.2265625,42
43,-2.356020942408377,-75.0,1.1514,239.85031092658136,102.67734150681598,24.27465493449154,107.99383364334484,0.23529411764705882,58
44,-1.4136125654450262,-75.0,1.1514,247.23767804186917,102.19227358069341,23.321723963235627,103.42774717388575,0.2897727272727273,62
45,-0.4712041884816754,-75.0,1.1514,239.05821833926186,93.63388525901055,21.52103737447585,76.38039426183873,0.234375,34
46,0.4712041884816754,-75.0,1.1514,237.03967134307925,94.75850969207998,19.31114785590993,60.80785047423737,0.24074074074074073,22
47,1.4136125654450262,-75.0,1.1514,276.8197866153489,20.25614528316048,10.311362614729713,14.300935065417601,0.0,0
48,2.356020942408377,-75.0,1.1514,299.01761938782977,4.6438922798532944,3.8343061409089443,3.186655502879111,0.0,0
49,-14.607329842931941,-73.75,1.1514,1.3681832771838538,39.77889123395016,3.814762543565439,1.3690593083198797,0.0,0
50,-13.664921465968591,-73.75,1.1514,24.705809944061283,46.47487430329898,6.267714767289251,13.289308188054017,0.0,1
51,-12.72251308900524,-73.75,1.1514,91.88031250641386,61.81543042343807,9.582323599898892,28.295303626671117,0.16666666666666666,6
52,-11.780104712041888,-73.75,1.1514,115.13070847042081,69.2054987467442,16.067814415734485,57.737729438357675,0.05,8
53,-10.837696335078537,-73.75,1.1514,65.8393776814792,76.59904530377896,18.37592282513744,22.42857297503798,0.16666666666666666,1
54,-9.895287958115185,-73.75,1.1514,50.011038127580306,87.60672114388838,18.903805109989378,20.98494499407315,0.0,1
55,-8.952879581151834,-73.75,1.1514,51.53374156867939,83.67553074175903,18.36719765021211,24.60767054365249,0.0,1
56,-8.010471204188482,-73.75,1.1514,62.04198202863248,64.90355877369534,17.5572083444952,23.96943464857921,0.0,0
57,-7.0680628272251305,-73.75,1.1514,79.02389875469456,74.05460624069951,18.255448591114217,33.29633392316147,0.0,1
58,-6.12565445026178,-73.75,1.1514,99.14554989072244,98.51553658713408,20.04209334158047,46.447137083764886,0.0,3
59,-5.183246073298429,-73.75,1.1514,129.04160788094774,94.91472534872086,22.229571134983335,49.089962315223616,0.16666666666666666,3
60,-4.2408376963350785,-73.75,1.1514,164.05603623651047,98.69508219675738,25.098099788382488,62.20313131672091,0.3333333333333333,5
61,-3.298429319371728,-73.75,1.1514,210.55593060729058,103.81370692506412,28.50830695397593,80.02403804814782,0.3055555555555556,29
62,-2.356020942408377,-73.75,1.1514,249.282207689606,103.95411082575623,29.084238084362706,94.11954409150475,0.3055555555555556,51
63,-1.4136125654450262,-73.75,1.1514,278.5070385185616,89.85297866422843,28.376935531945048,86.08860228684918,0.3277777777777778,49
64,-0.4712041884816754,-73.75,1.1514,292.98943470945994,103.44620879303403,27.5362147923045,100.15508736577829,0.2873134328358209,76
65,0.4712041884816754,-73.75,1.1514,306.2603428640973,104.62246266681947,26.014210967388582,95.1722330639034,0.3202247191011236,60
66,1.4136125654450262,-73.75,1.1514,319.4928870595935,95.42382696081145,20.442820729227904,65.2021434825156,0.4807692307692308,25
67,-14.607329842931941,-72.5,1.1514,5.260579040764121,39.43989269625218,4.158901183422439,4.955176942610551,0.0,0
68,-13.664921465968591,-72.5,1.1514,39.50915802779432,50.87079222384671,8.289674462810506,14.664283730661243,0.0,1
69,-12.72251308900524,-72.5,1.1514,70.76791307725983,59.44909518535059,14.254792414062496,23.4182213047198,0.0,3
70,-11.780104712041888,-72.5,1.1514,67.09393392850342,79.96905212839346,17.364437886117976,23.177080770890814,0.0,1
71,-10.837696335078537,-72.5,1.1514,53.52162946611526,89.97450326577875,17.90693331223752,19.400286869971175,0.0,1
72,-9.895287958115185,-72.5,1.1514,50.79807770476383,93.28782800323097,18.372925242344525,23.115868185010328,0.0,1
73,-8.952879581151834,-72.5,1.1514,52.61565198698172,82.04505518241412,18.075131817544086,23.462531919578602,0.0,1
74,-8.010471204188482,-72.5,1.1514,56.926014281851366,27.634176059080538,17.105991188464458,8.217021508222269,0.0,0
75,-7.0680628272251305,-72.5,1.1514,71.48853125578334,40.38189153198964,18.72272718551442,13.107342319353476,0.0,0
76,-6.12565445026178,-72.5,1.1514,101.59734012651627,99.66324344921287,21.84639343841093,38.129902273813585,0.0,3
77,-5.183246073298429,-72.5,1.1514,146.89260849636372,101.5176965970319,24.84824472801424,50.807394063658236,0.0,3
78,-4.2408376963350785,-72.5,1.1514,191.11960129956816,91.50003501964251,28.045621990688844,57.70754424901493,0.19047619047619047,8
79,-3.298429319371728,-72.5,1.1514,224.00632600921475,102.83293857895286,31.097211334289717,72.0950315176245,0.2909090909090909,26
80,-2.356020942408377,-72.5,1.1514,264.2292911986367,97.64212497544753,32.77412849399948,79.27972968609532,0.28991596638655465,37
81,-1.4136125654450262,-72.5,1.1514,297.6118414370724,103.85736217559625,32.98094248984652,92.60992960413263,0.2869822485207101,65
82,-0.4712041884816754,-72.5,1.1514,318.8444281890171,105.69348877888065,33.60143045058617,98.43707993783487,0.2958579881656805,77
83,0.4712041884816754,-72.5,1.1514,349.06435254653155,107.10284897369233,32.84982384167731,99.99134656731209,0.30177514792899407,91
84,1.4136125654450262,-72.5,1.1514,384.990776060041,104.25538395980284,26.846683303990805,85.55546600337613,0.3707865168539326,71
85,-14.607329842931941,-71.25,1.1514,10.122430290921269,32.99634031075665,3.897759790729373,9.794269607507067,0.0,0
86,-13.664921465968591,-71.25,1.1514,60.190169986774706,61.31013486335526,9.161815487957476,21.142948814953442,0.0,5
87,-12.72251308900524,-71.25,1.1514,87.37750486590596,46.86260767923477,13.324110476419014,23.945815935583518,0.0,1
88,-11.780104712041888,-71.25,1.1514,61.288709258808694,84.06903720411957,15.688453643036311,20.938870191436045,0.0,1
89,-10.837696335078537,-71.25,1.1514,49.2768424590911,87.56614255581817,16.110358403693585,19.759074892366137,0.0,1
90,-9.895287958115185,-71.25,1.1514,46.23155060059317,87.80329395637175,16.42103762085942,21.274322407680565,0.0,1
91,-8.952879581151834,-71.25,1.1514,49.673196769452176,59.83333264837215,17.05478160834295,16.472288536410773,0.0,0
92,-8.010471204188482,-71.25,1.1514,56.64188379660172,10.580129999492858,17.14628103829081,3.0236501222895216,0.0,0
93,-7.0680628272251305,-71.25,1.1514,79.61113680895818,54.11309444449746,19.972577906161384,18.129859903202302,0.0,0
94,-6.12565445026178,-71.25,1.1514,115.91433963720348,94.31927774521454,24.241800787275565,40.488588281927946,0.0,3
95,-5.183246073298429,-71.25,1.1514,154.03543128435888,103.28792804836273,27.74075576309018,53.98603749986191,0.0,3
96,-4.2408376963350785,-71.25,1.1514,190.1994318253914,99.9493711563696,31.361102117111884,60.08141124064044,0.19047619047619047,11
97,-3.298429319371728,-71.25,1.1514,222.30941068121953,106.27554264398752,34.25499100510001,68.5596004536869,0.25,21
98,-2.356020942408377,-71.25,1.1514,258.89506185371124,99.99371915505813,36.45962751198459,75.92799535299096,0.2761904761904762,36
99,-1.4136125654450262,-71.25,1.1514,291.6848493455417,105.98017130931207,37.662495241878574,86.97761462255528,0.2908496732026144,55
100,-0.4712041884816754,-71.25,1.1514,326.54085253119626,106.49269491346786,38.66305723551949,91.35535657314966,0.29904306220095694,88
101,0.4712041884816754,-71.25,1.1514,381.28109492938336,107.54814731451916,36.95429292715846,96.71800984699067,0.29282868525896416,111
102,1.4136125654450262,-71.25,1.1514,417.07614273269826,94.70584514152425,30.853284030413555,74.22998653510184,0.3739495798319328,76
103,-13.664921465968591,-70.0,1.1514,95.46985129460683,56.038718025257616,7.947590542890206,36.979882579653584,0.0,4
104,-12.72251308900524,-70.0,1.1514,79.1766081934282,40.99914936991872,13.474366466269185,13.342893805739394,0.0,0
105,-11.780104712041888,-70.0,1.1514,44.248605753262396,55.6653434698217,14.313679933030201,11.820249833670072,0.0,0
106,-10.837696335078537,-70.0,1.1514,40.858901433673594,38.481206414326465,14.133198030740148,8.268560634022677,0.0,0
107,-9.895287958115185,-70.0,1.1514,43.514273698637574,64.88816791798102,15.221018455931668,14.95793246913057,0.0,0
108,-8.952879581151834,-70.0,1.1514,46.17606015617049,34.07887831791748,16.256241911816833,8.750514201639653,0.0,0
109,-8.010471204188482,-70.0,1.1514,55.996372598651355,26.01249972826685,17.829633869713767,6.979321989809514,0.0,0
110,-7.0680628272251305,-70.0,1.1514,78.99036838293105,49.71341404254532,21.17353594645241,16.679123744794104,0.0,0
111,-6.12565445026178,-70.0,1.1514,117.40408958055217,100.9819949362858,25.549222159374548,43.350449464847316,0.0,3
112,-5.183246073298429,-70.0,1.1514,154.06296174336705,103.23833277930574,30.454680629213254,52.942651189027075,0.0,3
113,-4.2408376963350785,-70.0,1.1514,177.12327729540792,85.63437665946277,33.75489974793088,44.87346989999655,0.25,3
114,-3.298429319371728,-70.0,1.1514,221.8906904732658,100.9988912420107,37.46335959137212,63.73322543522323,0.24545454545454545,12
115,-2.356020942408377,-70.0,1.1514,252.49672408170267,105.63238177567543,39.41057398605463,74.23705692907589,0.2619047619047619,35
116,-1.4136125654450262,-70.0,1.1514,285.4384591652315,104.05407541274671,40.90584847452816,76.20462002771816,0.28362573099415206,54
117,-0.4712041884816754,-70.0,1.1514,332.75281879326934,105.1602536082683,41.696369818638665,79.57171979078302,0.2777777777777778,81
118,0.4712041884816754,-70.0,1.1514,390.77489116039675,106.29287754841972,40.017706999529786,82.17943005469742,0.28691275167785235,117
119,1.4136125654450262,-70.0,1.1514,422.89340008284404,104.68333349859302,33.12391498221426,76.36809896334142,0.3588235294117647,105
120,-15.549738219895294,-68.75,1.1514,55.001908081501306,70.4634625970104,5.731310380309656,36.713429682623584,0.0,6
121,-14.607329842931941,-68.75,1.1514,83.08971865589605,51.1011293295646,6.247423688468713,34.08656996287753,0.0,0
122,-13.664921465968591,-68.75,1.1514,105.8216748450038,71.113759367355,10.192676333509644,35.10565225261716,0.0,0
123,-12.72251308900524,-68.75,1.1514,48.0702426941994,69.26121992503721,12.765429854203179,14.407776259246026,0.0,0
124,-11.780104712041888,-68.75,1.1514,36.56443031577632,33.12694313230924,12.355550384823301,6.297514086523151,0.0,0
125,-10.837696335078537,-68.75,1.1514,34.90258913656771,12.491093037846214,12.695741314892325,2.3597548195295825,0.0,0
126,-9.895287958115185,-68.75,1.1514,35.7973377437289,41.721371744406454,14.218774029960949,8.282909867363209,0.0,0
127,-8.952879581151834,-68.75,1.1514,43.00327864961257,4.491908074481583,16.552693365683723,1.0139104665054843,0.0,0
128,-8.010471204188482,-68.75,1.1514,57.178585239938705,69.31611612118547,19.389202216944764,19.363575442635792,0.0,0
129,-7.0680628272251305,-68.75,1.1514,85.73840700519511,96.64643363053753,23.65305627562292,33.586297024709104,0.0,3
130,-6.12565445026178,-68.75,1.1514,120.8524064986803,99.83904395392676,27.970573134177762,42.64155404108335,0.0,3
131,-5.183246073298429,-68.75,1.1514,160.46286153156942,103.43276842738422,31.903076450737927,51.902123783136055,0.16666666666666666,9
132,-4.2408376963350785,-68.75,1.1514,187.44216192712,105.95974096752909,36.0706055967701,56.114701716034546,0.16666666666666666,8
133,-3.298429319371728,-68.75,1.1514,215.64803242267794,105.78895001035762,39.47145876947181,60.29626248974832,0.20833333333333334,12
134,-2.356020942408377,-68.75,1.1514,261.1160371049623,109.99395705710332,42.98833137259739,72.96794329358559,0.24583333333333332,41
135,-1.4136125654450262,-68.75,1.1514,302.90367338480814,108.32797801751963,44.420730828525244,76.66725726305219,0.25476190476190474,58
136,-0.4712041884816754,-68.75,1.1514,349.0742965913607,104.69494417540557,44.546090982584154,76.06796626794831,0.25905797101449274,83
137,0.4712041884816754,-68.75,1.1514,405.0228986906808,104.62633420646218,42.90158890798713,76.23972300244537,0.28762541806020064,99
138,1.4136125654450262,-68.75,1.1514,474.0183787763705,102.19440965648894,36.339753305780214,74.70801639124562,0.32532751091703055,107
139,2.356020942408377,-68.75,1.1514,482.6592553996066,93.29452527667753,23.89364506396432,56.772411589323454,0.31092436974789917,72
140,-16.492146596858646,-67.5,1.1514,61.40929420223501,30.038667369530785,3.5416590582235425,17.20300959725524,0.0,0
141,-15.549738219895294,-67.5,1.1514,103.42900977704228,31.494599862877433,6.01187742538247,23.730481164996434,0.0,0
142,-14.607329842931941,-67.5,1.1514,70.92412562052877,56.86551604234287,9.292010015335942,17.58455965937209,0.0,0
143,-13.664921465968591,-67.5,1.1514,48.80134811720527,70.28722962279286,11.256229864825386,15.026388363209907,0.0,0
144,-12.72251308900524,-67.5,1.1514,35.25618545231178,80.77763501532955,10.894515043923898,14.06522412020128,0.0,0
145,-11.780104712041888,-67.5,1.1514,33.81520010222981,75.92858831676959,11.36996050856512,12.655704057112981,0.0,0
146,-10.837696335078537,-67.5,1.1514,33.97161835698817,34.85331074155293,12.592928928901433,6.252604321264336,0.0,0
147,-9.895287958115185,-67.5,1.1514,37.194578195345564,3.5110045101765666,14.164505153960667,0.6733795010906907,0.0,0
148,-8.952879581151834,-67.5,1.1514,45.38664700658344,30.843273552978243,17.163768891078533,7.049939366794132,0.0,0
149,-8.010471204188482,-67.5,1.1514,65.57874144038499,90.34160690847101,21.687815892336765,26.28607613032405,0.0,1
150,-7.0680628272251305,-67.5,1.1514,91.53621828328122,76.7606064525278,25.100036171612473,26.458955283935367,0.0,1
151,-6.12565445026178,-67.5,1.1514,127.2887443406751,97.24358488087616,29.9209479368494,41.20964876621561,0.0,3
152,-5.183246073298429,-67.5,1.1514,166.3370733294807,101.60695047736934,34.18966398311817,50.72142049981687,0.16666666666666666,8
153,-4.2408376963350785,-67.5,1.1514,203.44307673569654,106.28424454068026,39.066655233833494,58.15988875642435,0.10714285714285714,13
154,-3.298429319371728,-67.5,1.1514,212.43026478463392,101.57305994921414,41.68911892908759,55.6013607281791,0.19444444444444445,8
155,-2.356020942408377,-67.5,1.1514,264.0551654620914,110.29111152340325,45.397081412031035,70.1248022531602,0.20833333333333334,36
156,-1.4136125654450262,-67.5,1.1514,313.16439014033347,108.51341633411838,46.663194976009926,72.33267184529728,0.23593073593073594,61
157,-0.4712041884816754,-67.5,1.1514,362.1148971851203,107.24845539121158,47.31622574960382,74.74769224477235,0.255,81
158,0.4712041884816754,-67.5,1.1514,397.6895311513698,105.76959587513194,46.27883664028186,69.44336548590711,0.2808641975308642,78
159,1.4136125654450262,-67.5,1.1514,471.9813239805698,89.76771401830455,39.43480914018239,61.15218693528446,0.3165938864628821,72
160,2.356020942408377,-67.5,1.1514,556.5398179720928,66.08392636360963,27.05276904226374,43.8836129939577,0.35064935064935066,42
161,-18.376963350785346,-66.25,1.1514,16.562132061463863,62.029206509847086,2.0446879409260736,8.916545334144548,0.0,0
162,-17.434554973821996,-66.25,1.1514,42.74620486824724,36.89753443826039,3.0121110330962293,11.01280857416151,0.0,0
163,-16.492146596858646,-66.25,1.1514,111.51077996631822,54.90716443319678,4.786326290213369,52.8618386212605,0.0,2
164,-15.549738219895294,-66.25,1.1514,73.57259951579093,72.66231395159265,7.912755918178144,23.107502929289943,0.0,0
165,-14.607329842931941,-66.25,1.1514,38.890456608037006,83.42511031932966,9.183401526783545,13.264820625312257,0.0,0
166,-13.664921465968591,-66.25,1.1514,34.93279404150074,52.77340004094663,5.815312458958837,13.936202390172202,0.0,0
167,-12.72251308900524,-66.25,1.1514,33.62885745645114,95.86413642566185,11.178495813464687,13.995789079732209,0.0,0
168,-11.780104712041888,-66.25,1.1514,35.63641980653602,88.29186456769654,11.69213635468247,14.404009687742029,0.0,0
169,-10.837696335078537,-66.25,1.1514,37.80046335136917,72.17654075714336,13.553255164454658,12.04923362421123,0.0,0
170,-9.895287958115185,-66.25,1.1514,46.19764451908893,58.556280211779516,15.562202921843648,11.993183930360935,0.0,0
171,-8.952879581151834,-66.25,1.1514,60.15759518658514,48.29643245921373,18.671006843928595,11.946545278502283,0.0,0
172,-8.010471204188482,-66.25,1.1514,73.86594003926015,79.6483445466856,22.555038717944655,22.571537555182175,0.0,0
173,-7.0680628272251305,-66.25,1.1514,98.98923496405007,85.69889631280111,26.396207554947562,27.41882159379771,0.0,2
174,-6.12565445026178,-66.25,1.1514,137.1446760123283,99.62470851199389,31.72994118429664,40.86355315259624,0.0,3
175,-5.183246073298429,-66.25,1.1514,176.0254208255593,102.79729010688008,36.56267503465244,50.163670687483716,0.2,6
176,-4.2408376963350785,-66.25,1.1514,201.55317432124536,104.36797623112713,40.924013327473595,56.536415330961646,0.09523809523809523,10
177,-3.298429319371728,-66.25,1.1514,227.16109136507924,100.9436154916689,43.938205974195,55.45173235818898,0.16666666666666666,12
178,-2.356020942408377,-66.25,1.1514,258.1742620939742,105.97702714342833,47.06255707319696,59.736665339378035,0.25274725274725274,29
179,-1.4136125654450262,-66.25,1.1514,311.7624008258148,107.27615807962138,48.656028130799676,62.84331470475897,0.2543859649122807,38
180,-0.4712041884816754,-66.25,1.1514,361.32786260099414,97.88965183661018,49.944307385512616,59.34831473104603,0.30718954248366015,38
181,0.4712041884816754,-66.25,1.1514,385.0799176549045,94.16446816156947,47.38367470187039,56.13776735970892,0.30952380952380953,45
182,1.4136125654450262,-66.25,1.1514,432.017816516358,93.20249367183277,42.433580599399455,53.43444067554039,0.3253968253968254,44
183,2.356020942408377,-66.25,1.1514,502.58162753828947,89.62739536882081,30.917203444991387,45.02189928464492,0.31092436974789917,45
184,-18.376963350785346,-65.0,1.1514,34.730288099125616,58.819127494420236,2.0360401912804003,15.358855567476645,0.0,0
185,-17.434554973821996,-65.0,1.1514,77.57441649704737,20.826758659635694,3.140410930786569,13.059439408682447,0.0,0
186,-16.492146596858646,-65.0,1.1514,69.64145595349632,68.52509110898936,5.412635886681511,24.447226868329082,0.0,0
187,-15.549738219895294,-65.0,1.1514,34.33877175703754,55.334097164768785,5.385702554243578,11.363464761186002,0.0,0
188,-14.607329842931941,-65.0,1.1514,32.49853265047109,71.83549784864533,6.8632490850751235,13.210218727177367,0.0,0
189,-13.664921465968591,-65.0,1.1514,34.82165207116741,64.49793129578555,6.698821168132469,15.147065072031364,0.0,0
190,-12.72251308900524,-65.0,1.1514,33.963874419528224,74.06287392277676,8.579266229150871,13.750394684877868,0.0,0
191,-11.780104712041888,-65.0,1.1514,33.08491331102525,77.68385348966592,11.875364597302234,11.043415964922625,0.0,0
192,-10.837696335078537,-65.0,1.1514,39.43869293256319,46.4305436148025,13.464530947143595,7.21978220605229,0.0,0
193,-9.895287958115185,-65.0,1.1514,50.94968979943513,14.117404596203372,15.545056521969867,2.8159523401120397,0.0,0
194,-8.952879581151834,-65.0,1.1514,64.61749400114158,32.452818420633264,18.84426932355841,7.718464896988759,0.0,0
195,-8.010471204188482,-65.0,1.1514,80.39357014891017,66.07592884726998,22.82149786986507,16.833102214750717,0.0,0
196,-7.0680628272251305,-65.0,1.1514,102.99962793441232,54.19212839671329,27.25352118549071,15.740827029515595,0.0,0
197,-6.12565445026178,-65.0,1.1514,136.6463065439637,96.82408213142192,32.924130983135235,35.29772182274003,0.0,3
198,-5.183246073298429,-65.0,1.1514,166.63074436748596,61.068383620900555,36.8743506452922,27.138305068367092,0.16666666666666666,3
199,-4.2408376963350785,-65.0,1.1514,212.99880104326073,59.447897548453,41.1936503336716,30.719057575193492,0.5,2
200,-3.298429319371728,-65.0,1.1514,222.51558829359948,76.50443463056513,44.53704136508031,37.77557424871198,0.16666666666666666,6
201,-2.356020942408377,-65.0,1.1514,252.54124147507636,106.66138833154727,49.144368559646594,53.03041168319753,0.26282051282051283,22
202,-1.4136125654450262,-65.0,1.1514,332.9169945184414,109.154867704555,53.23251418038078,63.12210278406701,0.23202614379084968,41
203,-0.4712041884816754,-65.0,1.1514,381.4590411150582,106.84623711765776,54.521851760914004,63.31705123794928,0.2510822510822511,56
204,0.4712041884816754,-65.0,1.1514,418.5050733232431,99.63514282591628,49.639276861751156,54.70213294342879,0.29736842105263156,38
205,1.4136125654450262,-65.0,1.1514,435.13859104312274,103.63153089350999,45.930136133884076,48.74009559130249,0.29210526315789476,32
206,-20.261780104712045,-63.75,1.1514,20.814096459031884,9.590245876271666,0.963273163685221,1.6512547508580366,0.0,0
207,-19.319371727748695,-63.75,1.1514,26.873892625458197,31.06620247987732,1.8259834177639467,5.425872828967805,0.0,0
208,-18.376963350785346,-63.75,1.1514,41.15484060028037,38.28217724271951,2.2974525827447145,10.73076497899461,0.0,0
209,-17.434554973821996,-63.75,1.1514,54.05055355734116,11.967732852643408,3.2163194238179598,4.059947496568122,0.0,0
210,-16.492146596858646,-63.75,1.1514,33.60883262192128,57.75923235280965,4.206167717814501,9.771966468685722,0.0,0
211,-15.549738219895294,-63.75,1.1514,29.13225770978955,68.32924989839299,5.76688435559711,10.252042763889577,0.0,0
212,-14.607329842931941,-63.75,1.1514,29.687422863429394,74.76318684637356,7.057056275559565,10.88621253615941,0.0,0
213,-13.664921465968591,-63.75,1.1514,31.05504719218263,78.07399253585132,7.667232459430063,12.182874415566861,0.0,0
214,-12.72251308900524,-63.75,1.1514,27.1124002905678,87.15758488118972,9.688852637979403,9.657966423459944,0.0,0
215,-11.780104712041888,-63.75,1.1514,28.78508249741207,28.105943447262536,10.752825866946107,3.1252644267778065,0.0,0
216,-10.837696335078537,-63.75,1.1514,34.473350320545485,70.69842972363362,13.443629773074177,8.831469897364194,0.0,0
217,-9.895287958115185,-63.75,1.1514,44.406182133626274,13.706360944209994,15.914736069066969,2.039646706854269,0.0,0
218,-8.952879581151834,-63.75,1.1514,57.71406175314192,4.186137075293956,18.65813555613396,0.8267150143658842,0.0,0
219,-8.010471204188482,-63.75,1.1514,77.1242955407147,19.373298698952226,22.122653992630227,4.784552356325343,0.0,0
220,-7.0680628272251305,-63.75,1.1514,108.91224195254863,31.066175581192145,26.937434592982733,9.945969052367293,0.0,0
221,-6.12565445026178,-63.75,1.1514,128.3105290929417,81.9165607961785,32.91937370652387,26.947658011434854,0.0,2
222,-5.183246073298429,-63.75,1.1514,166.92026886114832,90.36398791971604,38.39099187762654,36.38373902903141,0.16666666666666666,5
223,-4.2408376963350785,-63.75,1.1514,199.917290877073,37.03045737692594,41.9996032312439,16.361259693160353,0.5,0
224,-3.298429319371728,-63.75,1.1514,229.65762964249922,108.80457767627145,47.299233346509425,49.864906872106154,0.16071428571428573,16
225,-2.356020942408377,-63.75,1.1514,279.48625588555007,110.16381078170743,52.9920895236564,56.538730729645096,0.22857142857142856,35
226,-1.4136125654450262,-63.75,1.1514,364.3572047522472,107.88697793202223,57.11271798720771,64.85556928331597,0.19264069264069264,57
227,-0.4712041884816754,-63.75,1.1514,390.6671883918937,106.51559945329085,56.38417465857061,61.71508240122951,0.24675324675324675,72
228,0.4712041884816754,-63.75,1.1514,458.2507884459862,101.76409820727312,53.26181827694823,55.7446208638268,0.21739130434782608,64
229,1.4136125654450262,-63.75,1.1514,468.48772377946887,83.02399814962176,49.03337202822464,37.9405952872225,0.3026315789473684,23
230,3.298429319371728,-63.75,1.1514,445.1641666516729,102.13529416171473,19.48012150358575,34.66389441604263,0.2638888888888889,22
231,-19.319371727748695,-62.5,1.1514,25.43428186875001,24.21695570592332,1.4576809122932814,6.14481210261256,0.0,0
232,-18.376963350785346,-62.5,1.1514,31.244740358093594,10.865007570177244,1.7412743558646004,2.8090062497114454,0.0,0
233,-17.434554973821996,-62.5,1.1514,32.13031421188916,5.413061769185933,1.8910378362561253,1.3188863632724872,0.0,0
234,-16.492146596858646,-62.5,1.1514,29.600643875618456,38.78306510595377,3.485743994827243,5.43979731730013,0.0,0
235,-15.549738219895294,-62.5,1.1514,26.75284026652408,40.861393284138856,4.589346272258089,5.41717746919663,0.0,0
236,-14.607329842931941,-62.5,1.1514,28.51656796390097,75.74598651226614,6.498648068612257,8.443451609346424,0.0,0
237,-13.664921465968591,-62.5,1.1514,30.18895054036016,84.8342810749211,8.248621590983198,9.658220203414078,0.0,0
238,-12.72251308900524,-62.5,1.1514,31.70407890290057,86.21482523312832,9.570050676361532,8.761565950181728,0.0,0
239,-11.780104712041888,-62.5,1.1514,35.15207765126975,33.06074977620231,9.865900436282397,3.6323152326627675,0.0,0
240,-10.837696335078537,-62.5,1.1514,43.67310639651126,48.55850948508864,12.60411314795658,6.101983478681946,0.0,0
241,-9.895287958115185,-62.5,1.1514,53.99778088935449,1.18154415127661,15.265434183013195,0.1785984718312987,0.0,0
242,-8.952879581151834,-62.5,1.1514,61.36835693201735,14.87611069104638,18.171355723076445,2.8330836723428763,0.0,0
243,-8.010471204188482,-62.5,1.1514,81.72582827116663,23.54101166207814,21.58803894175222,5.724905311491077,0.0,0
244,-7.0680628272251305,-62.5,1.1514,99.53751235089021,10.672832027133577,26.033397127729014,2.9578738289910227,0.0,0
245,-6.12565445026178,-62.5,1.1514,127.47461061287737,32.00050664688427,32.308932514530554,10.273318897688526,0.0,0
246,-5.183246073298429,-62.5,1.1514,163.0422074090394,92.88321199400771,39.218413739092,35.772656482566774,0.16666666666666666,3
247,-4.2408376963350785,-62.5,1.1514,195.49920233668036,39.731802025151794,42.65993529960941,17.28007621441588,0.0,0
248,-3.298429319371728,-62.5,1.1514,227.93323555044404,100.05875978012747,49.20566328318013,45.06245376303896,0.1527777777777778,12
249,-2.356020942408377,-62.5,1.1514,306.65154800010396,101.95380483721168,55.62219371621206,53.416954002529366,0.16666666666666666,30
250,-1.4136125654450262,-62.5,1.1514,369.2000791315595,55.99307640515068,55.20291370569773,32.315954370135444,0.3181818181818182,9
251,-0.4712041884816754,-62.5,1.1514,442.6753689916233,95.04227649384876,56.241037191089454,58.51073891752825,0.23809523809523808,75
252,0.4712041884816754,-62.5,1.1514,526.6319761111378,94.52066924666036,55.65570432975503,54.90990215508338,0.2134387351778656,62
253,1.4136125654450262,-62.5,1.1514,531.4191307074575,65.61226547336766,51.93492695165959,30.255536164943496,0.3161764705882353,11
254,2.356020942408377,-62.5,1.1514,514.4163064643801,90.90552070869671,38.825340537351515,32.76448458094257,0.32051282051282054,12
255,3.298429319371728,-62.5,1.1514,430.2467088352288,107.49003583203589,28.07050572085912,29.32569268337974,0.2638888888888889,15
256,-18.376963350785346,-61.25,1.1514,29.902446520223997,33.92589041940611,1.7547591943841352,6.927898430790535,0.0,0
257,-17.434554973821996,-61.25,1.1514,28.615338271079757,20.982001939498925,2.2566189709371383,2.8266533347440856,0.0,0
258,-16.492146596858646,-61.25,1.1514,27.223056855542957,26.259633415735276,2.8935169858685077,3.0952660790644417,0.0,0
259,-15.549738219895294,-61.25,1.1514,27.414243846882087,33.54473757085148,4.306260207577072,2.8729566593751112,0.0,0
260,-14.607329842931941,-61.25,1.1514,28.65834425574369,67.66469295396924,6.295682070041075,5.474616455034478,0.0,0
261,-13.664921465968591,-61.25,1.1514,31.492354934918247,81.59449566156228,8.114413654719034,7.002870374660665,0.0,0
262,-12.72251308900524,-61.25,1.1514,32.70529998218083,20.12275244615004,8.959226501627748,1.7702998921669908,0.0,0
263,-11.780104712041888,-61.25,1.1514,41.84166817524761,15.540682205261756,10.012082875127915,1.8431832198311575,0.0,0
264,-10.837696335078537,-61.25,1.1514,46.99686133470183,45.0640415762235,13.452640394457388,5.226096769581406,0.0,0
265,-9.895287958115185,-61.25,1.1514,58.485947456448955,24.1358124659117,16.07880527982588,3.8078525367858562,0.0,0
266,-8.952879581151834,-61.25,1.1514,70.03337361639427,22.776100547553444,18.607280824129635,4.593686213391845,0.0,0
267,-8.010471204188482,-61.25,1.1514,83.08109194884807,19.590110949260666,21.80996671904446,4.503183121602526,0.0,0
268,-7.0680628272251305,-61.25,1.1514,97.48619518567939,51.065433114493985,26.50232965217564,13.104658925694476,0.0,0
269,-6.12565445026178,-61.25,1.1514,120.80741379839955,45.31023621989236,32.07886585402216,13.22219529068771,0.0,0
270,-5.183246073298429,-61.25,1.1514,156.86040578318108,29.953855676050466,37.6766577614542,10.85671142370281,0.5,0
271,-4.2408376963350785,-61.25,1.1514,188.25045679459964,6.898272467651668,41.499801721852485,2.7174903757939877,0.0,0
272,-3.298429319371728,-61.25,1.1514,224.74387663497896,31.695179465776572,47.94669371504256,13.178379178482361,0.5,0
273,-2.356020942408377,-61.25,1.1514,277.29013018068036,101.95702057759331,55.26351317632668,46.41099839882628,0.15934065934065933,21
274,-1.4136125654450262,-61.25,1.1514,364.19616514435756,68.70841251903703,56.55445890756295,36.384048692144496,0.23076923076923078,19
275,-0.4712041884816754,-61.25,1.1514,479.0039695911002,60.09980184831979,55.954431086814374,36.39830842007688,0.2625,29
276,0.4712041884816754,-61.25,1.1514,539.8717243989407,58.45051573632977,55.84249312016428,32.990618745539535,0.2679738562091503,26
277,1.4136125654450262,-61.25,1.1514,518.2843787629424,47.3206785344084,52.95066860567253,18.596049592979856,0.358974358974359,4
278,2.356020942408377,-61.25,1.1514,471.83138114275823,9.126210505479735,45.67105767006385,2.3130625175997945,0.41818181818181815,0
279,3.298429319371728,-61.25,1.1514,361.9380938954783,76.94946262945986,35.40663784030314,11.25363805510517,0.35714285714285715,5
280,4.2408376963350785,-61.25,1.1514,237.19714633934984,81.1508894696801,18.616194202496896,7.368904336497712,0.4166666666666667,5
281,-15.549738219895294,-60.0,1.1514,28.608927136874584,39.43248029479742,2.9934214818240816,3.687173146941173,0.0,0
282,-14.607329842931941,-60.0,1.1514,26.817288339810766,42.07461689295969,5.917292058311878,2.3942352525159145,0.0,0
283,-13.664921465968591,-60.0,1.1514,27.53044135518269,26.743808184282365,7.233652009932451,1.803880485976189,0.0,0
284,-12.72251308900524,-60.0,1.1514,31.258314240333988,38.473732307041,8.953385583204069,2.9426823974038148,0.0,0
285,-11.780104712041888,-60.0,1.1514,40.703211385277896,73.4848070294579,11.412874379194365,7.458457027725017,0.0,0
286,-10.837696335078537,-60.0,1.1514,49.47260527119567,91.85971659312402,14.59542977288964,10.819247158518426,0.0,0
287,-9.895287958115185,-60.0,1.1514,55.8027695388681,36.18657176834991,16.991445075781208,5.184638953261231,0.0,0
288,-8.952879581151834,-60.0,1.1514,69.39597856371853,18.129311182135105,19.701113150177,3.495035851797754,0.0,0
289,-8.010471204188482,-60.0,1.1514,83.35903502782726,45.625308497466854,22.80974560491082,10.069951945293791,0.0,0
290,-7.0680628272251305,-60.0,1.1514,101.11889955172185,2.3707944858927816,27.05050171597386,0.5793385458002636,0.0,0
291,-6.12565445026178,-60.0,1.1514,125.18024823684885,21.962945850278565,31.297212163986334,6.16978444518774,0.0,0
292,-5.183246073298429,-60.0,1.1514,150.75250146322668,32.037260497540046,36.67222075327956,9.887490686008963,0.0,0
293,-4.2408376963350785,-60.0,1.1514,185.31982740106974,4.380749793390845,40.669439739292415,1.5875238979718012,0.0,0
294,-3.298429319371728,-60.0,1.1514,228.62220764751356,11.466097402953457,45.74805493709505,4.3756467907785614,0.5,0
295,-2.356020942408377,-60.0,1.1514,267.027157457872,2.211299063841465,51.912925612922685,0.8695819226490881,0.4,0
296,-1.4136125654450262,-60.0,1.1514,365.6505247918597,27.41809554236135,53.88278977374246,13.27185909548608,0.35714285714285715,3
297,-0.4712041884816754,-60.0,1.1514,476.010300413485,90.44640133768651,57.572369308323864,51.37099764179127,0.2543859649122807,69
298,0.4712041884816754,-60.0,1.1514,520.0403795294272,89.3629182602312,58.200443846615116,41.78267822367266,0.23157894736842105,50
299,1.4136125654450262,-60.0,1.1514,515.0650569026841,11.730661991567255,50.89135219206822,3.459783289204708,0.3472222222222222,0
300,2.356020942408377,-60.0,1.1514,468.77227410264504,45.69087018996832,43.20565337710358,7.142046581252299,0.3333333333333333,1
301,3.298429319371728,-60.0,1.1514,368.53105174615854,88.99393979472607,37.58821284319136,6.8675141532657245,0.26785714285714285,1
302,4.2408376963350785,-60.0,1.1514,271.548891658629,92.1740543875151,27.13621455555651,3.6643885922895927,0.3,1
303,5.183246073298429,-60.0,1.1514,268.2550396842349,97.94750534603595,16.157334731738132,2.373086574771979,0.5,1
304,-13.664921465968591,-58.75,1.1514,28.33956236789303,58.9655507657478,5.357921873233986,5.295054140054656,0.0,0
305,-12.72251308900524,-58.75,1.1514,29.521206948731496,91.19474341309623,9.487510350476493,6.033724878835704,0.0,0
306,-11.780104712041888,-58.75,1.1514,38.412326155869806,59.72590544358455,11.590204621344148,5.185513552872278,0.0,0
307,-10.837696335078537,-58.75,1.1514,46.6071288180663,12.800108717212005,14.228589381801173,1.368949878833747,0.0,0
308,-9.895287958115185,-58.75,1.1514,58.40520649522662,5.4962332360877815,16.44088270779033,0.7920328961887686,0.0,0
309,-8.952879581151834,-58.75,1.1514,75.7632694907144,13.90811767842719,18.566800352462554,2.875588806951932,0.0,0
310,-8.010471204188482,-58.75,1.1514,94.11525724455214,62.34873262816645,22.224939956911243,14.736714866160314,0.0,1
311,-7.0680628272251305,-58.75,1.1514,109.25066532547217,4.37178018299357,26.86753208983924,1.0280838515607058,0.0,0
312,-6.12565445026178,-58.75,1.1514,131.87974552489243,69.97419268248989,32.35815807390624,18.373489380509152,0.0,2
313,-5.183246073298429,-58.75,1.1514,161.96242778974485,106.86432488938324,38.29118300665746,31.383109652338028,0.08333333333333333,7
314,-4.2408376963350785,-58.75,1.1514,179.38069690860002,48.165409985888324,41.01732792014776,15.19531165082739,0.0,2
315,-3.298429319371728,-58.75,1.1514,224.60415231129463,12.715790454209609,45.266507460310265,4.198985227861484,0.5,0
316,-2.356020942408377,-58.75,1.1514,245.70003354629614,22.16752409120716,49.27842185826085,7.118525550143585,0.5,0
317,-1.4136125654450262,-58.75,1.1514,355.02561591378685,92.40569971365858,55.050636994380014,39.61865021270125,0.175,42
318,-0.4712041884816754,-58.75,1.1514,465.452709945466,104.1996903717645,58.60546499965837,54.96189300722343,0.18181818181818182,67
319,0.4712041884816754,-58.75,1.1514,510.79776346830727,102.92813681023254,59.61634658477865,47.753862963254754,0.24285714285714285,48
320,-13.664921465968591,-57.5,1.1514,25.47340692645902,69.91214091808614,6.283723720280814,4.75107693418002,0.0,0
321,-12.72251308900524,-57.5,1.1514,30.07374045050358,82.10679434611781,9.52272861583872,5.1164202576490165,0.0,0
322,-11.780104712041888,-57.5,1.1514,35.82036484718448,23.092630134443755,11.271340392790899,1.9715947943759793,0.0,0
323,-10.837696335078537,-57.5,1.1514,44.827234922295844,23.617383029731457,13.566454118153002,2.402266730777615,0.0,0
324,-9.895287958115185,-57.5,1.1514,56.54309442305058,2.7518645525817624,16.781187244418934,0.34158166099366366,0.0,0
325,-8.952879581151834,-57.5,1.1514,69.74458524967056,34.261330541201474,19.65397655240527,5.42269372887813,0.0,0
326,-8.010471204188482,-57.5,1.1514,91.70170884820473,38.226294444919766,22.796419450856682,7.277783284997573,0.0,0
327,-7.0680628272251305,-57.5,1.1514,109.86326506999856,70.25946001072045,28.013455705560908,13.852418863432268,0.0,2
328,-6.12565445026178,-57.5,1.1514,123.20031705806961,17.698291266371506,33.49546505032587,3.3575757246725444,0.0,0
329,-5.183246073298429,-57.5,1.1514,155.68704286970623,59.256462344506524,39.59111436809444,14.56441998327878,0.5,2
330,-4.2408376963350785,-57.5,1.1514,173.24443777817456,36.58463740978608,41.26347992920157,10.245543679137478,0.0,0
331,-3.298429319371728,-57.5,1.1514,192.94392853705037,51.3396755472326,44.798738568344156,13.211463656841653,0.0,2
332,-2.356020942408377,-57.5,1.1514,235.7658268558996,46.03815869179799,48.93317485185575,12.459794384710833,0.4166666666666667,3
333,-1.4136125654450262,-57.5,1.1514,311.029041473959,97.88314353519301,56.08248324633452,35.13778403575486,0.15384615384615385,24
334,-0.4712041884816754,-57.5,1.1514,398.5676105518699,65.27344135375712,59.70381280511842,28.71365439299372,0.2761904761904762,28
335,0.4712041884816754,-57.5,1.1514,455.747944698118,64.79131071484545,60.26941069828275,27.793599216104404,0.28104575163398693,29
336,1.4136125654450262,-57.5,1.1514,445.9127749309884,47.67825414056703,52.02086189256705,13.383855935668242,0.36666666666666664,13
337,-13.664921465968591,-56.25,1.1514,25.69518467892389,40.33850478275217,6.340532705069865,2.5733991156296123,0.0,0
338,-12.72251308900524,-56.25,1.1514,28.50375045360242,50.719629395919,8.60041477663151,3.7153003713132113,0.0,0
339,-11.780104712041888,-56.25,1.1514,29.22016246648042,10.141892767609356,10.520805455027599,0.7834939468721762,0.0,0
340,-10.837696335078537,-56.25,1.1514,36.63052688234025,27.216912834548587,13.410860391124979,2.3582121621471286,0.0,0
341,-9.895287958115185,-56.25,1.1514,44.45461012228265,0.5177094265054635,16.02738373246937,0.04949836766613722,0.0,0
342,-8.952879581151834,-56.25,1.1514,53.673183957892114,64.5753015675162,20.13255659809637,7.376439738064223,0.0,0
343,-8.010471204188482,-56.25,1.1514,76.10943643935417,56.95341138174774,24.812165311286194,7.36778729845429,0.0,0
344,-7.0680628272251305,-56.25,1.1514,95.22755365812444,28.110190590202794,28.932283469824412,4.123732415544757,0.0,0
345,-6.12565445026178,-56.25,1.1514,116.1339838333885,20.682997959227116,32.75605771851971,3.4914146363950884,0.0,0
346,-5.183246073298429,-56.25,1.1514,134.98142318113676,20.040264691658685,37.70409083496252,3.9103086749826677,0.5,0
347,-4.2408376963350785,-56.25,1.1514,148.34789553557184,29.055790167576454,39.6769185826449,5.965276584224059,0.0,0
348,-3.298429319371728,-56.25,1.1514,182.2763140151044,29.896017245560106,43.41448270977936,6.62282649092209,0.0,0
349,-2.356020942408377,-56.25,1.1514,229.4478426958929,53.12140369021752,51.00806280684363,11.746619312089633,0.25,2
350,-1.4136125654450262,-56.25,1.1514,234.57913760909958,44.30395771120298,55.52706243631644,10.089402153438064,0.4,2
351,-0.4712041884816754,-56.25,1.1514,282.83748886860246,75.71540466560114,58.94282340685211,18.488682217869762,0.34444444444444444,12
352,0.4712041884816754,-56.25,1.1514,329.16483063097695,76.56035166005196,60.875143204821285,18.62697037412277,0.33516483516483514,14
353,1.4136125654450262,-56.25,1.1514,327.5552100034304,96.54196053194572,54.03274573627961,17.52339141379896,0.30303030303030304,10
354,-14.607329842931941,-55.0,1.1514,22.39102084951508,62.8815372901684,5.26691159907971,3.236824962900527,0.0,0
355,-13.664921465968591,-55.0,1.1514,26.13721361692412,74.81091730149008,6.742756410306101,4.614235353822249,0.0,0
356,-12.72251308900524,-55.0,1.1514,24.591454065768467,24.183979683425164,8.432457723059118,1.539141146648337,0.0,0
357,-11.780104712041888,-55.0,1.1514,22.82902385566102,1.7228940068886005,10.280042671003988,0.10093967352143723,0.0,0
358,-10.837696335078537,-55.0,1.1514,25.918721767200758,2.5774666910553106,13.067734186908343,0.17137553887359863,0.0,0
359,-9.895287958115185,-55.0,1.1514,34.8918043926562,6.335086538730269,15.911409163257401,0.48320393248421806,0.0,0
360,-8.952879581151834,-55.0,1.1514,49.218983027794295,59.136884301324834,20.312352313937073,5.522985666777814,0.0,0
361,-8.010471204188482,-55.0,1.1514,66.09800822706357,11.767616365823114,25.075671841039192,1.2248570723487444,0.0,0
362,-7.0680628272251305,-55.0,1.1514,79.97241574796688,20.34046603980754,28.410181426041287,2.2977937075183292,0.0,0
363,-6.12565445026178,-55.0,1.1514,101.55777356389723,31.134523928790962,32.12057285612464,4.321594660205988,0.0,0
364,-5.183246073298429,-55.0,1.1514,120.90706964397422,39.199744008801076,35.826167473978636,5.8450484458349425,0.0,0
365,-4.2408376963350785,-55.0,1.1514,139.6067367013195,7.5103494122965655,38.058293298230495,1.149801137157627,0.0,0
366,-3.298429319371728,-55.0,1.1514,163.06560626097007,11.898162971921074,43.116801108988895,1.8858998097952706,0.0,0
367,-2.356020942408377,-55.0,1.1514,231.30374836786615,29.208399826179292,49.52430180807771,4.737579105655766,0.0,0
368,-1.4136125654450262,-55.0,1.1514,214.95786362386158,35.94167160404475,52.04309600006328,5.38364290769704,0.4166666666666667,0
369,-0.4712041884816754,-55.0,1.1514,244.43859816046765,89.79170053842061,55.84278733499864,14.119387672023048,0.3181818181818182,10
370,0.4712041884816754,-55.0,1.1514,256.1720140007852,89.7814250598826,57.17454996998021,12.273776371135607,0.3333333333333333,6
371,1.4136125654450262,-55.0,1.1514,249.89800543474166,106.69613376460312,53.52295801598808,10.827289943351271,0.34444444444444444,3
372,2.356020942408377,-55.0,1.1514,264.959972514955,95.93099453849115,41.951316980786125,6.36873253991927,0.45,2
373,-14.607329842931941,-53.75,1.1514,23.847747151412307,73.86705473763318,5.094596059719064,3.1630740285273253,0.0,0
374,-13.664921465968591,-53.75,1.1514,24.490107453137067,78.84272589476322,7.005711322505397,3.9895629347367514,0.0,0
375,-12.72251308900524,-53.75,1.1514,19.630240637128594,32.807137989649526,8.73464489634757,1.4883084489167575,0.0,0
376,-11.780104712041888,-53.75,1.1514,19.42393317632951,51.54304963273353,10.8280422889834,2.361002611447076,0.0,0
377,-10.837696335078537,-53.75,1.1514,23.2098820123462,22.09179755908774,13.229500307636554,1.226971988000639,0.0,0
378,-9.895287958115185,-53.75,1.1514,31.56557742426461,23.02456611650203,16.14744814201817,1.5725360182668315,0.0,0
379,-8.952879581151834,-53.75,1.1514,39.959644865395234,71.29365706549746,20.53440809004348,5.134986903436022,0.0,0
380,-8.010471204188482,-53.75,1.1514,54.52163880180373,90.59975951621071,24.422191204424767,8.332198234285075,0.0,1
381,-7.0680628272251305,-53.75,1.1514,66.57441728904354,41.06823912552512,28.713233898399505,4.070870883946505,0.0,0
382,-6.12565445026178,-53.75,1.1514,79.13800380369861,15.914725607706265,32.50524660569524,1.4793877990197735,0.0,0
383,-5.183246073298429,-53.75,1.1514,98.99210195213364,9.569895254648841,35.39248460528918,0.9098982284700432,0.0,0
384,-4.2408376963350785,-53.75,1.1514,127.35946364218668,17.504511163928232,37.383179718176756,1.8233183188509625,0.0,0
385,-3.298429319371728,-53.75,1.1514,166.41165899172427,1.8310481741503206,40.98427652165835,0.21969857142935728,0.0,0
386,-2.356020942408377,-53.75,1.1514,197.20719742082,39.46892812159584,46.52485689682002,4.437796343271793,0.0,0
387,-1.4136125654450262,-53.75,1.1514,233.7988853485433,22.96142409176716,49.93489238296767,2.3794865091638053,0.5,0
388,-0.4712041884816754,-53.75,1.1514,235.1781960088635,68.13207452800165,53.09766286234164,6.380657102489831,0.3611111111111111,3
389,0.4712041884816754,-53.75,1.1514,213.64879765114,66.5161274860953,54.21075359056315,4.404102507986672,0.36363636363636365,2
390,1.4136125654450262,-53.75,1.1514,204.3779462432881,46.49414829831031,50.53520170873888,1.5889150822453528,0.42857142857142855,0
391,2.356020942408377,-53.75,1.1514,209.30531589997295,55.23553665375838,42.77763698018088,1.2704739918383487,0.45,0
392,-13.664921465968591,-52.5,1.1514,23.522476570376924,70.0261700344261,5.9043664148117125,2.809741322618698,0.0,0
393,-12.72251308900524,-52.5,1.1514,19.459161704009286,47.39942523457896,8.60135442476982,1.5663876043466756,0.0,0
394,-11.780104712041888,-52.5,1.1514,18.803872170905592,64.66463603823144,11.085633805866946,2.392188713365921,0.0,0
395,-10.837696335078537,-52.5,1.1514,23.719528194463642,51.91166639781189,13.77631747804055,2.323497394782505,0.0,0
396,-9.895287958115185,-52.5,1.1514,28.461848584703343,64.18996190716133,17.34664179035631,2.9316697501044944,0.0,0
397,-8.952879581151834,-52.5,1.1514,34.73549539935047,84.88245548518815,21.641814249170217,4.567693962659636,0.0,0
398,-8.010471204188482,-52.5,1.1514,49.526972363954926,72.1167049157859,25.53682522812471,5.579157497181883,0.0,0
399,-7.0680628272251305,-52.5,1.1514,51.479794912493034,21.407968603128275,27.67801338551472,1.5266634822548646,0.0,0
400,-6.12565445026178,-52.5,1.1514,58.47706007653639,10.024976144149813,30.410242557426063,0.5176394712404455,0.0,0
401,-5.183246073298429,-52.5,1.1514,81.00732837272605,48.523869008342736,34.379008780047556,2.829011940943507,0.0,0
402,-4.2408376963350785,-52.5,1.1514,124.78892401198834,37.80328996589747,37.43368529786326,3.0198153046917176,0.0,0
403,-3.298429319371728,-52.5,1.1514,171.89185026676242,8.194389821920854,40.063512529063864,0.7591360153499666,0.0,0
404,-2.356020942408377,-52.5,1.1514,208.0762817887783,69.81740996560242,47.031500865800595,5.063762791360783,0.0,2
405,-1.4136125654450262,-52.5,1.1514,249.63903638624006,15.054593785713392,50.67956814485371,0.6583107892718714,0.0,0
406,-0.4712041884816754,-52.5,1.1514,233.353830157807,47.24943090667207,52.195915535903886,1.5151318596011278,0.45,0
407,0.4712041884816754,-52.5,1.1514,205.6463262856602,45.655689950056875,53.361244697217494,1.0191110875849665,0.37777777777777777,0
408,-8.952879581151834,-51.25,1.1514,37.57386278947403,11.32553412633682,20.79559942891491,0.48795801723870097,0.0,0
409,-8.010471204188482,-51.25,1.1514,42.380481073649186,40.87909723924038,24.566968006983856,1.9138533712881127,0.0,0
410,-7.0680628272251305,-51.25,1.1514,42.317709329763346,29.381439917524613,28.075149071371985,0.952108127177486,0.0,0
411,-5.183246073298429,-51.25,1.1514,76.86915947014094,51.78650670849698,36.25151626948345,1.5986561626292055,0.0,0
412,-4.2408376963350785,-51.25,1.1514,113.71722986232527,24.04515606908641,38.906620247318855,1.1106769632587157,0.0,0
413,-3.298429319371728,-51.25,1.1514,159.17961570457425,1.5416321596793516,40.33684423898125,0.09557955632717466,0.0,0
414,-2.356020942408377,-51.25,1.1514,203.64811427114427,19.501972028968925,45.63627449226542,0.6469908815189215,0.0,0
415,-3.298429319371728,-50.0,1.1514,140.20317722366366,5.889560819827787,38.99739387338418,0.13288085915393075,0.0,0
0,-6.12565445026178,-78.75,3.112,51.849389662460844,35.08770863598887,4.234058791359492,12.24565586927408,0.0,0
1,-5.183246073298429,-78.75,3.112,73.16081472199478,52.43297893467714,5.241528984033441,25.381707404932378,0.0,0
2,-4.2408376963350785,-78.75,3.112,113.24438822008628,41.9391997334962,5.66096224393003,32.1070383676026,0.0,0
3,-3.298429319371728,-78.75,3.112,128.52607600001,30.974908872254705,5.411708487740787,30.3155893027075,0.0,0
4,-2.356020942408377,-78.75,3.112,143.45423135389055,68.11245854274603,7.3142662576245865,77.78983838365865,0.0,1
5,-1.4136125654450262,-78.75,3.112,158.39042274899737,66.37160485799541,8.397117695183127,72.2758155985299,0.0,1
6,-8.952879581151834,-77.5,3.112,43.560370861559775,58.17166966778421,5.059276432837675,23.018555957515193,0.0,0
7,-8.010471204188482,-77.5,3.112,46.57732645325556,56.28354942313429,6.341876049123908,20.95744957945495,0.0,0
8,-7.0680628272251305,-77.5,3.112,51.49637789795115,48.02611810834647,6.777528839625194,19.895711030398587,0.0,0
9,-6.12565445026178,-77.5,3.112,58.95410159708586,31.711961115072423,6.464277906861652,13.096025032350013,0.0,0
10,-5.183246073298429,-77.5,3.112,88.52995546744069,69.60375926537277,8.550475725097701,28.29962828362508,0.0,0
11,-4.2408376963350785,-77.5,3.112,141.79047134987798,94.00855246707991,11.051346954049334,58.78865750699798,0.0,0
12,-3.298429319371728,-77.5,3.112,188.3669867198296,38.614241938159275,10.46244131950561,34.8391342234328,0.0,0
13,-2.356020942408377,-77.5,3.112,211.25463774789768,53.88101136545456,11.995005412441387,56.36856560116823,0.0,0
14,-1.4136125654450262,-77.5,3.112,235.1000596613036,41.35838190108653,10.499333401918015,50.28077755562052,0.0,0
15,-0.4712041884816754,-77.5,3.112,229.30461400676862,49.19226776868103,8.057642753559394,65.52160107626077,0.0,0
16,0.4712041884816754,-77.5,3.112,195.9838899645945,52.34794894793612,7.5246161841514185,59.25607567478356,0.0,1
17,-10.837696335078537,-76.25,3.112,33.463486213011194,47.09235538333167,3.447936786467458,17.408603370635774,0.0,0
18,-9.895287958115185,-76.25,3.112,54.106853505258464,47.47348108770721,5.338641452996327,23.172047858154695,0.0,0
19,-8.952879581151834,-76.25,3.112,109.12396954693361,30.04445721723876,7.713199236405047,23.300328497836652,0.0,0
20,-8.010471204188482,-76.25,3.112,91.83531834231032,58.94217954347109,10.05873531715775,30.01207395639202,0.0,0
21,-7.0680628272251305,-76.25,3.112,85.77815671752477,57.227934123140706,10.614991891794931,26.129571132052966,0.0,0
22,-6.12565445026178,-76.25,3.112,86.9881786792132,35.13418242949454,11.977842380264773,15.19860595007136,0.0,0
23,-5.183246073298429,-76.25,3.112,97.19008181220029,96.27105670479526,15.08731452410792,44.417969580077894,0.0,0
24,-4.2408376963350785,-76.25,3.112,123.23405155219504,104.00895030276304,17.892247500668066,62.79891762025392,0.0,0
25,-3.298429319371728,-76.25,3.112,151.9196232203606,105.8015859071562,19.493809824736307,69.77668458734126,0.0,1
26,-2.356020942408377,-76.25,3.112,168.7259843359596,106.4544116427527,20.360322234307247,66.48513863961917,0.0,1
27,-1.4136125654450262,-76.25,3.112,177.91726314966928,102.38832859078569,19.681329395303923,65.32851860864987,0.0,1
28,-0.4712041884816754,-76.25,3.112,202.1262517038199,64.32222986976545,17.140386141155787,44.138353401501824,0.0,0
29,0.4712041884816754,-76.25,3.112,295.254345475561,55.68019495531681,12.655229611485241,53.14529351761806,0.0,0
30,1.4136125654450262,-76.25,3.112,286.07711184879383,5.134204123701675,4.787846720515951,5.106455794746908,0.0,0
31,-13.664921465968591,-75.0,3.112,2.3401135354211506,32.46160196342728,1.2037667473170408,1.0368739477542164,0.0,0
32,-12.72251308900524,-75.0,3.112,23.37761040557063,41.784673538516785,3.322542233809756,13.05778238308852,0.0,0
33,-11.780104712041888,-75.0,3.112,60.46479055061691,44.965688200823344,4.7158963885173275,28.44620299638104,0.0,0
34,-10.837696335078537,-75.0,3.112,138.10829066012133,37.04948897928429,9.311627363658886,36.23340895513594,0.0,0
35,-9.895287958115185,-75.0,3.112,92.65285723028819,58.58757550340685,13.578486884064166,28.07265580845681,0.0,0
36,-8.952879581151834,-75.0,3.112,55.731138722795635,34.609069847014105,15.556506106289248,10.030604625522056,0.0,0
37,-8.010471204188482,-75.0,3.112,43.75037005384675,65.73089480242905,15.353576784690613,16.5456809213673,0.0,0
38,-7.0680628272251305,-75.0,3.112,50.463991253474916,91.23800097159145,15.614703717556893,26.27745877877049,0.0,0
39,-6.12565445026178,-75.0,3.112,75.74196175371804,96.12389436167885,17.00479527934853,37.06008709877997,0.0,0
40,-5.183246073298429,-75.0,3.112,118.27036142097448,98.83221883719511,19.577484032901406,60.60291875193159,0.0,0
41,-4.2408376963350785,-75.0,3.112,169.5968382648557,98.41113451949475,20.998687859051575,85.94693198161563,0.0,1
42,-3.298429319371728,-75.0,3.112,213.92982427696256,104.25675955956817,23.68602444625628,105.23153388899203,0.0,3
43,-2.356020942408377,-75.0,3.112,239.85031092658136,102.67734150681598,24.27465493449154,107.99383364334484,0.0,3
44,-1.4136125654450262,-75.0,3.112,247.23767804186917,102.19227358069341,23.321723963235627,103.42774717388575,0.0,3
45,-0.4712041884816754,-75.0,3.112,239.05821833926186,93.63388525901055,21.52103737447585,76.38039426183873,0.0,1
46,0.4712041884816754,-75.0,3.112,237.03967134307925,94.75850969207998,19.31114785590993,60.80785047423737,0.0,1
47,1.4136125654450262,-75.0,3.112,276.8197866153489,20.25614528316048,10.311362614729713,14.300935065417601,0.0,0
48,2.356020942408377,-75.0,3.112,299.01761938782977,4.6438922798532944,3.8343061409089443,3.186655502879111,0.0,0
49,-14.607329842931941,-73.75,3.112,1.3681832771838538,39.77889123395016,3.814762543565439,1.3690593083198797,0.0,0
50,-13.664921465968591,-73.75,3.112,24.705809944061283,46.47487430329898,6.267714767289251,13.289308188054017,0.0,0
51,-12.72251308900524,-73.75,3.112,91.88031250641386,61.81543042343807,9.582323599898892,28.295303626671117,0.0,0
52,-11.780104712041888,-73.75,3.112,115.13070847042081,69.2054987467442,16.067814415734485,57.737729438357675,0.0,2
53,-10.837696335078537,-73.75,3.112,65.8393776814792,76.59904530377896,18.37592282513744,22.42857297503798,0.0,0
54,-9.895287958115185,-73.75,3.112,50.011038127580306,87.60672114388838,18.903805109989378,20.98494499407315,0.0,0
55,-8.952879581151834,-73.75,3.112,51.53374156867939,83.67553074175903,18.36719765021211,24.60767054365249,0.0,0
56,-8.010471204188482,-73.75,3.112,62.04198202863248,64.90355877369534,17.5572083444952,23.96943464857921,0.0,0
57,-7.0680628272251305,-73.75,3.112,79.02389875469456,74.05460624069951,18.255448591114217,33.29633392316147,0.0,0
58,-6.12565445026178,-73.75,3.112,99.14554989072244,98.51553658713408,20.04209334158047,46.447137083764886,0.0,0
59,-5.183246073298429,-73.75,3.112,129.04160788094774,94.91472534872086,22.229571134983335,49.089962315223616,0.0,0
60,-4.2408376963350785,-73.75,3.112,164.05603623651047,98.69508219675738,25.098099788382488,62.20313131672091,0.0,0
61,-3.298429319371728,-73.75,3.112,210.55593060729058,103.81370692506412,28.50830695397593,80.02403804814782,0.0,3
62,-2.356020942408377,-73.75,3.112,249.282207689606,103.95411082575623,29.084238084362706,94.11954409150475,0.0,3
63,-1.4136125654450262,-73.75,3.112,278.5070385185616,89.85297866422843,28.376935531945048,86.08860228684918,0.0,3
64,-0.4712041884816754,-73.75,3.112,292.98943470945994,103.44620879303403,27.5362147923045,100.15508736577829,0.0,3
65,0.4712041884816754,-73.75,3.112,306.2603428640973,104.62246266681947,26.014210967388582,95.1722330639034,0.0,3
66,1.4136125654450262,-73.75,3.112,319.4928870595935,95.42382696081145,20.442820729227904,65.2021434825156,0.0,1
67,-14.607329842931941,-72.5,3.112,5.260579040764121,39.43989269625218,4.158901183422439,4.955176942610551,0.0,0
68,-13.664921465968591,-72.5,3.112,39.50915802779432,50.87079222384671,8.289674462810506,14.664283730661243,0.0,0
69,-12.72251308900524,-72.5,3.112,70.76791307725983,59.44909518535059,14.254792414062496,23.4182213047198,0.0,0
70,-11.780104712041888,-72.5,3.112,67.09393392850342,79.96905212839346,17.364437886117976,23.177080770890814,0.0,0
71,-10.837696335078537,-72.5,3.112,53.52162946611526,89.97450326577875,17.90693331223752,19.400286869971175,0.0,0
72,-9.895287958115185,-72.5,3.112,50.79807770476383,93.28782800323097,18.372925242344525,23.115868185010328,0.0,0
73,-8.952879581151834,-72.5,3.112,52.61565198698172,82.04505518241412,18.075131817544086,23.462531919578602,0.0,0
74,-8.010471204188482,-72.5,3.112,56.926014281851366,27.634176059080538,17.105991188464458,8.217021508222269,0.0,0
75,-7.0680628272251305,-72.5,3.112,71.48853125578334,40.38189153198964,18.72272718551442,13.107342319353476,0.0,0
76,-6.12565445026178,-72.5,3.112,101.59734012651627,99.66324344921287,21.84639343841093,38.129902273813585,0.0,0
77,-5.183246073298429,-72.5,3.112,146.89260849636372,101.5176965970319,24.84824472801424,50.807394063658236,0.0,0
78,-4.2408376963350785,-72.5,3.112,191.11960129956816,91.50003501964251,28.045621990688844,57.70754424901493,0.0,0
79,-3.298429319371728,-72.5,3.112,224.00632600921475,102.83293857895286,31.097211334289717,72.0950315176245,0.0,1
80,-2.356020942408377,-72.5,3.112,264.2292911986367,97.64212497544753,32.77412849399948,79.27972968609532,0.0,3
81,-1.4136125654450262,-72.5,3.112,297.6118414370724,103.85736217559625,32.98094248984652,92.60992960413263,0.0,3
82,-0.4712041884816754,-72.5,3.112,318.8444281890171,105.69348877888065,33.60143045058617,98.43707993783487,0.0,3
83,0.4712041884816754,-72.5,3.112,349.06435254653155,107.10284897369233,32.84982384167731,99.99134656731209,0.0,3
84,1.4136125654450262,-72.5,3.112,384.990776060041,104.25538395980284,26.846683303990805,85.55546600337613,0.0,3
85,-14.607329842931941,-71.25,3.112,10.122430290921269,32.99634031075665,3.897759790729373,9.794269607507067,0.0,0
86,-13.664921465968591,-71.25,3.112,60.190169986774706,61.31013486335526,9.161815487957476,21.142948814953442,0.0,0
87,-12.72251308900524,-71.25,3.112,87.37750486590596,46.86260767923477,13.324110476419014,23.945815935583518,0.0,0
88,-11.780104712041888,-71.25,3.112,61.288709258808694,84.06903720411957,15.688453643036311,20.938870191436045,0.0,0
89,-10.837696335078537,-71.25,3.112,49.2768424590911,87.56614255581817,16.110358403693585,19.759074892366137,0.0,0
90,-9.895287958115185,-71.25,3.112,46.23155060059317,87.80329395637175,16.42103762085942,21.274322407680565,0.0,0
91,-8.952879581151834,-71.25,3.112,49.673196769452176,59.83333264837215,17.05478160834295,16.472288536410773,0.0,0
92,-8.010471204188482,-71.25,3.112,56.64188379660172,10.580129999492858,17.14628103829081,3.0236501222895216,0.0,0
93,-7.0680628272251305,-71.25,3.112,79.61113680895818,54.11309444449746,19.972577906161384,18.129859903202302,0.0,0
94,-6.12565445026178,-71.25,3.112,115.91433963720348,94.31927774521454,24.241800787275565,40.488588281927946,0.0,0
95,-5.183246073298429,-71.25,3.112,154.03543128435888,103.28792804836273,27.74075576309018,53.98603749986191,0.0,0
96,-4.2408376963350785,-71.25,3.112,190.1994318253914,99.9493711563696,31.361102117111884,60.08141124064044,0.0,0
97,-3.298429319371728,-71.25,3.112,222.30941068121953,106.27554264398752,34.25499100510001,68.5596004536869,0.0,1
98,-2.356020942408377,-71.25,3.112,258.89506185371124,99.99371915505813,36.45962751198459,75.92799535299096,0.0,3
99,-1.4136125654450262,-71.25,3.112,291.6848493455417,105.98017130931207,37.662495241878574,86.97761462255528,0.0,3
100,-0.4712041884816754,-71.25,3.112,326.54085253119626,106.49269491346786,38.66305723551949,91.35535657314966,0.0,3
101,0.4712041884816754,-71.25,3.112,381.28109492938336,107.54814731451916,36.95429292715846,96.71800984699067,0.0,3
102,1.4136125654450262,-71.25,3.112,417.07614273269826,94.70584514152425,30.853284030413555,74.22998653510184,0.0,3
103,-13.664921465968591,-70.0,3.112,95.46985129460683,56.038718025257616,7.947590542890206,36.979882579653584,0.0,0
104,-12.72251308900524,-70.0,3.112,79.1766081934282,40.99914936991872,13.474366466269185,13.342893805739394,0.0,0
105,-11.780104712041888,-70.0,3.112,44.248605753262396,55.6653434698217,14.313679933030201,11.820249833670072,0.0,0
106,-10.837696335078537,-70.0,3.112,40.858901433673594,38.481206414326465,14.133198030740148,8.268560634022677,0.0,0
107,-9.895287958115185,-70.0,3.112,43.514273698637574,64.88816791798102,15.221018455931668,14.95793246913057,0.0,0
108,-8.952879581151834,-70.0,3.112,46.17606015617049,34.07887831791748,16.256241911816833,8.750514201639653,0.0,0
109,-8.010471204188482,-70.0,3.112,55.996372598651355,26.01249972826685,17.829633869713767,6.979321989809514,0.0,0
110,-7.0680628272251305,-70.0,3.112,78.99036838293105,49.71341404254532,21.17353594645241,16.679123744794104,0.0,0
111,-6.12565445026178,-70.0,3.112,117.40408958055217,100.9819949362858,25.549222159374548,43.350449464847316,0.0,0
112,-5.183246073298429,-70.0,3.112,154.06296174336705,103.23833277930574,30.454680629213254,52.942651189027075,0.0,0
113,-4.2408376963350785,-70.0,3.112,177.12327729540792,85.63437665946277,33.75489974793088,44.87346989999655,0.0,0
114,-3.298429319371728,-70.0,3.112,221.8906904732658,100.9988912420107,37.46335959137212,63.73322543522323,0.0,1
115,-2.356020942408377,-70.0,3.112,252.49672408170267,105.63238177567543,39.41057398605463,74.23705692907589,0.0,3
116,-1.4136125654450262,-70.0,3.112,285.4384591652315,104.05407541274671,40.90584847452816,76.20462002771816,0.0,3
117,-0.4712041884816754,-70.0,3.112,332.75281879326934,105.1602536082683,41.696369818638665,79.57171979078302,0.0,3
118,0.4712041884816754,-70.0,3.112,390.77489116039675,106.29287754841972,40.017706999529786,82.17943005469742,0.0,3
119,1.4136125654450262,-70.0,3.112,422.89340008284404,104.68333349859302,33.12391498221426,76.36809896334142,0.0,3
120,-15.549738219895294,-68.75,3.112,55.001908081501306,70.4634625970104,5.731310380309656,36.713429682623584,0.0,0
121,-14.607329842931941,-68.75,3.112,83.08971865589605,51.1011293295646,6.247423688468713,34.08656996287753,0.0,0
122,-13.664921465968591,-68.75,3.112,105.8216748450038,71.113759367355,10.192676333509644,35.10565225261716,0.0,0
123,-12.72251308900524,-68.75,3.112,48.0702426941994,69.26121992503721,12.765429854203179,14.407776259246026,0.0,0
124,-11.780104712041888,-68.75,3.112,36.56443031577632,33.12694313230924,12.355550384823301,6.297514086523151,0.0,0
125,-10.837696335078537,-68.75,3.112,34.90258913656771,12.491093037846214,12.695741314892325,2.3597548195295825,0.0,0
126,-9.895287958115185,-68.75,3.112,35.7973377437289,41.721371744406454,14.218774029960949,8.282909867363209,0.0,0
127,-8.952879581151834,-68.75,3.112,43.00327864961257,4.491908074481583,16.552693365683723,1.0139104665054843,0.0,0
128,-8.010471204188482,-68.75,3.112,57.178585239938705,69.31611612118547,19.389202216944764,19.363575442635792,0.0,0
129,-7.0680628272251305,-68.75,3.112,85.73840700519511,96.64643363053753,23.65305627562292,33.586297024709104,0.0,0
130,-6.12565445026178,-68.75,3.112,120.8524064986803,99.83904395392676,27.970573134177762,42.64155404108335,0.0,0
131,-5.183246073298429,-68.75,3.112,160.46286153156942,103.43276842738422,31.903076450737927,51.902123783136055,0.0,0
132,-4.2408376963350785,-68.75,3.112,187.44216192712,105.95974096752909,36.0706055967701,56.114701716034546,0.0,0
133,-3.298429319371728,-68.75,3.112,215.64803242267794,105.78895001035762,39.47145876947181,60.29626248974832,0.0,1
134,-2.356020942408377,-68.75,3.112,261.1160371049623,109.99395705710332,42.98833137259739,72.96794329358559,0.0,3
135,-1.4136125654450262,-68.75,3.112,302.90367338480814,108.32797801751963,44.420730828525244,76.66725726305219,0.0,3
136,-0.4712041884816754,-68.75,3.112,349.0742965913607,104.69494417540557,44.546090982584154,76.06796626794831,0.0,3
137,0.4712041884816754,-68.75,3.112,405.0228986906808,104.62633420646218,42.90158890798713,76.23972300244537,0.0,3
138,1.4136125654450262,-68.75,3.112,474.0183787763705,102.19440965648894,36.339753305780214,74.70801639124562,0.16666666666666666,6
139,2.356020942408377,-68.75,3.112,482.6592553996066,93.29452527667753,23.89364506396432,56.772411589323454,0.0,3
140,-16.492146596858646,-67.5,3.112,61.40929420223501,30.038667369530785,3.5416590582235425,17.20300959725524,0.0,0
141,-15.549738219895294,-67.5,3.112,103.42900977704228,31.494599862877433,6.01187742538247,23.730481164996434,0.0,0
142,-14.607329842931941,-67.5,3.112,70.92412562052877,56.86551604234287,9.292010015335942,17.58455965937209,0.0,0
143,-13.664921465968591,-67.5,3.112,48.80134811720527,70.28722962279286,11.256229864825386,15.026388363209907,0.0,0
144,-12.72251308900524,-67.5,3.112,35.25618545231178,80.77763501532955,10.894515043923898,14.06522412020128,0.0,0
145,-11.780104712041888,-67.5,3.112,33.81520010222981,75.92858831676959,11.36996050856512,12.655704057112981,0.0,0
146,-10.837696335078537,-67.5,3.112,33.97161835698817,34.85331074155293,12.592928928901433,6.252604321264336,0.0,0
147,-9.895287958115185,-67.5,3.112,37.194578195345564,3.5110045101765666,14.164505153960667,0.6733795010906907,0.0,0
148,-8.952879581151834,-67.5,3.112,45.38664700658344,30.843273552978243,17.163768891078533,7.049939366794132,0.0,0
149,-8.010471204188482,-67.5,3.112,65.57874144038499,90.34160690847101,21.687815892336765,26.28607613032405,0.0,0
150,-7.0680628272251305,-67.5,3.112,91.53621828328122,76.7606064525278,25.100036171612473,26.458955283935367,0.0,0
151,-6.12565445026178,-67.5,3.112,127.2887443406751,97.24358488087616,29.9209479368494,41.20964876621561,0.0,0
152,-5.183246073298429,-67.5,3.112,166.3370733294807,101.60695047736934,34.18966398311817,50.72142049981687,0.0,0
153,-4.2408376963350785,-67.5,3.112,203.44307673569654,106.28424454068026,39.066655233833494,58.15988875642435,0.0,1
154,-3.298429319371728,-67.5,3.112,212.43026478463392,101.57305994921414,41.68911892908759,55.6013607281791,0.0,0
155,-2.356020942408377,-67.5,3.112,264.0551654620914,110.29111152340325,45.397081412031035,70.1248022531602,0.0,3
156,-1.4136125654450262,-67.5,3.112,313.16439014033347,108.51341633411838,46.663194976009926,72.33267184529728,0.0,3
157,-0.4712041884816754,-67.5,3.112,362.1148971851203,107.24845539121158,47.31622574960382,74.74769224477235,0.0,3
158,0.4712041884816754,-67.5,3.112,397.6895311513698,105.76959587513194,46.27883664028186,69.44336548590711,0.0,3
159,1.4136125654450262,-67.5,3.112,471.9813239805698,89.76771401830455,39.43480914018239,61.15218693528446,0.3333333333333333,6
160,2.356020942408377,-67.5,3.112,556.5398179720928,66.08392636360963,27.05276904226374,43.8836129939577,0.0,3
161,-18.376963350785346,-66.25,3.112,16.562132061463863,62.029206509847086,2.0446879409260736,8.916545334144548,0.0,0
162,-17.434554973821996,-66.25,3.112,42.74620486824724,36.89753443826039,3.0121110330962293,11.01280857416151,0.0,0
163,-16.492146596858646,-66.25,3.112,111.51077996631822,54.90716443319678,4.786326290213369,52.8618386212605,0.0,0
164,-15.549738219895294,-66.25,3.112,73.57259951579093,72.66231395159265,7.912755918178144,23.107502929289943,0.0,0
165,-14.607329842931941,-66.25,3.112,38.890456608037006,83.42511031932966,9.183401526783545,13.264820625312257,0.0,0
166,-13.664921465968591,-66.25,3.112,34.93279404150074,52.77340004094663,5.815312458958837,13.936202390172202,0.0,0
167,-12.72251308900524,-66.25,3.112,33.62885745645114,95.86413642566185,11.178495813464687,13.995789079732209,0.0,0
168,-11.780104712041888,-66.25,3.112,35.63641980653602,88.29186456769654,11.69213635468247,14.404009687742029,0.0,0
169,-10.837696335078537,-66.25,3.112,37.80046335136917,72.17654075714336,13.553255164454658,12.04923362421123,0.0,0
170,-9.895287958115185,-66.25,3.112,46.19764451908893,58.556280211779516,15.562202921843648,11.993183930360935,0.0,0
171,-8.952879581151834,-66.25,3.112,60.15759518658514,48.29643245921373,18.671006843928595,11.946545278502283,0.0,0
172,-8.010471204188482,-66.25,3.112,73.86594003926015,79.6483445466856,22.555038717944655,22.571537555182175,0.0,0
173,-7.0680628272251305,-66.25,3.112,98.98923496405007,85.69889631280111,26.396207554947562,27.41882159379771,0.0,0
174,-6.12565445026178,-66.25,3.112,137.1446760123283,99.62470851199389,31.72994118429664,40.86355315259624,0.0,0
175,-5.183246073298429,-66.25,3.112,176.0254208255593,102.79729010688008,36.56267503465244,50.163670687483716,0.0,0
176,-4.2408376963350785,-66.25,3.112,201.55317432124536,104.36797623112713,40.924013327473595,56.536415330961646,0.0,1
177,-3.298429319371728,-66.25,3.112,227.16109136507924,100.9436154916689,43.938205974195,55.45173235818898,0.0,0
178,-2.356020942408377,-66.25,3.112,258.1742620939742,105.97702714342833,47.06255707319696,59.736665339378035,0.0,3
179,-1.4136125654450262,-66.25,3.112,311.7624008258148,107.27615807962138,48.656028130799676,62.84331470475897,0.0,3
180,-0.4712041884816754,-66.25,3.112,361.32786260099414,97.88965183661018,49.944307385512616,59.34831473104603,0.0,3
181,0.4712041884816754,-66.25,3.112,385.0799176549045,94.16446816156947,47.38367470187039,56.13776735970892,0.0,3
182,1.4136125654450262,-66.25,3.112,432.017816516358,93.20249367183277,42.433580599399455,53.43444067554039,0.3333333333333333,3
183,2.356020942408377,-66.25,3.112,502.58162753828947,89.62739536882081,30.917203444991387,45.02189928464492,0.0,1
184,-18.376963350785346,-65.0,3.112,34.730288099125616,58.819127494420236,2.0360401912804003,15.358855567476645,0.0,0
185,-17.434554973821996,-65.0,3.112,77.57441649704737,20.826758659635694,3.140410930786569,13.059439408682447,0.0,0
186,-16.492146596858646,-65.0,3.112,69.64145595349632,68.52509110898936,5.412635886681511,24.447226868329082,0.0,0
187,-15.549738219895294,-65.0,3.112,34.33877175703754,55.334097164768785,5.385702554243578,11.363464761186002,0.0,0
188,-14.607329842931941,-65.0,3.112,32.49853265047109,71.83549784864533,6.8632490850751235,13.210218727177367,0.0,0
189,-13.664921465968591,-65.0,3.112,34.82165207116741,64.49793129578555,6.698821168132469,15.147065072031364,0.0,0
190,-12.72251308900524,-65.0,3.112,33.963874419528224,74.06287392277676,8.579266229150871,13.750394684877868,0.0,0
191,-11.780104712041888,-65.0,3.112,33.08491331102525,77.68385348966592,11.875364597302234,11.043415964922625,0.0,0
192,-10.837696335078537,-65.0,3.112,39.43869293256319,46.4305436148025,13.464530947143595,7.21978220605229,0.0,0
193,-9.895287958115185,-65.0,3.112,50.94968979943513,14.117404596203372,15.545056521969867,2.8159523401120397,0.0,0
194,-8.952879581151834,-65.0,3.112,64.61749400114158,32.452818420633264,18.84426932355841,7.718464896988759,0.0,0
195,-8.010471204188482,-65.0,3.112,80.39357014891017,66.07592884726998,22.82149786986507,16.833102214750717,0.0,0
196,-7.0680628272251305,-65.0,3.112,102.99962793441232,54.19212839671329,27.25352118549071,15.740827029515595,0.0,0
197,-6.12565445026178,-65.0,3.112,136.6463065439637,96.82408213142192,32.924130983135235,35.29772182274003,0.0,0
198,-5.183246073298429,-65.0,3.112,166.63074436748596,61.068383620900555,36.8743506452922,27.138305068367092,0.0,0
199,-4.2408376963350785,-65.0,3.112,212.99880104326073,59.447897548453,41.1936503336716,30.719057575193492,0.0,0
200,-3.298429319371728,-65.0,3.112,222.51558829359948,76.50443463056513,44.53704136508031,37.77557424871198,0.0,0
201,-2.356020942408377,-65.0,3.112,252.54124147507636,106.66138833154727,49.144368559646594,53.03041168319753,0.0,3
202,-1.4136125654450262,-65.0,3.112,332.9169945184414,109.154867704555,53.23251418038078,63.12210278406701,0.0,3
203,-0.4712041884816754,-65.0,3.112,381.4590411150582,106.84623711765776,54.521851760914004,63.31705123794928,0.0,3
204,0.4712041884816754,-65.0,3.112,418.5050733232431,99.63514282591628,49.639276861751156,54.70213294342879,0.0,3
205,1.4136125654450262,-65.0,3.112,435.13859104312274,103.63153089350999,45.930136133884076,48.74009559130249,0.16666666666666666,3
206,-20.261780104712045,-63.75,3.112,20.814096459031884,9.590245876271666,0.963273163685221,1.6512547508580366,0.0,0
207,-19.319371727748695,-63.75,3.112,26.873892625458197,31.06620247987732,1.8259834177639467,5.425872828967805,0.0,0
208,-18.376963350785346,-63.75,3.112,41.15484060028037,38.28217724271951,2.2974525827447145,10.73076497899461,0.0,0
209,-17.434554973821996,-63.75,3.112,54.05055355734116,11.967732852643408,3.2163194238179598,4.059947496568122,0.0,0
210,-16.492146596858646,-63.75,3.112,33.60883262192128,57.75923235280965,4.206167717814501,9.771966468685722,0.0,0
211,-15.549738219895294,-63.75,3.112,29.13225770978955,68.32924989839299,5.76688435559711,10.252042763889577,0.0,0
212,-14.607329842931941,-63.75,3.112,29.687422863429394,74.76318684637356,7.057056275559565,10.88621253615941,0.0,0
213,-13.664921465968591,-63.75,3.112,31.05504719218263,78.07399253585132,7.667232459430063,12.182874415566861,0.0,0
214,-12.72251308900524,-63.75,3.112,27.1124002905678,87.15758488118972,9.688852637979403,9.657966423459944,0.0,0
215,-11.780104712041888,-63.75,3.112,28.78508249741207,28.105943447262536,10.752825866946107,3.1252644267778065,0.0,0
216,-10.837696335078537,-63.75,3.112,34.473350320545485,70.69842972363362,13.443629773074177,8.831469897364194,0.0,0
217,-9.895287958115185,-63.75,3.112,44.406182133626274,13.706360944209994,15.914736069066969,2.039646706854269,0.0,0
218,-8.952879581151834,-63.75,3.112,57.71406175314192,4.186137075293956,18.65813555613396,0.8267150143658842,0.0,0
219,-8.010471204188482,-63.75,3.112,77.1242955407147,19.373298698952226,22.122653992630227,4.784552356325343,0.0,0
220,-7.0680628272251305,-63.75,3.112,108.91224195254863,31.066175581192145,26.937434592982733,9.945969052367293,0.0,0
221,-6.12565445026178,-63.75,3.112,128.3105290929417,81.9165607961785,32.91937370652387,26.947658011434854,0.0,0
222,-5.183246073298429,-63.75,3.112,166.92026886114832,90.36398791971604,38.39099187762654,36.38373902903141,0.0,0
223,-4.2408376963350785,-63.75,3.112,199.917290877073,37.03045737692594,41.9996032312439,16.361259693160353,0.0,0
224,-3.298429319371728,-63.75,3.112,229.65762964249922,108.80457767627145,47.299233346509425,49.864906872106154,0.0,2
225,-2.356020942408377,-63.75,3.112,279.48625588555007,110.16381078170743,52.9920895236564,56.538730729645096,0.0,3
226,-1.4136125654450262,-63.75,3.112,364.3572047522472,107.88697793202223,57.11271798720771,64.85556928331597,0.0,2
227,-0.4712041884816754,-63.75,3.112,390.6671883918937,106.51559945329085,56.38417465857061,61.71508240122951,0.0,3
228,0.4712041884816754,-63.75,3.112,458.2507884459862,101.76409820727312,53.26181827694823,55.7446208638268,0.0,5
229,1.4136125654450262,-63.75,3.112,468.48772377946887,83.02399814962176,49.03337202822464,37.9405952872225,0.0,3
230,3.298429319371728,-63.75,3.112,445.1641666516729,102.13529416171473,19.48012150358575,34.66389441604263,0.3333333333333333,7
231,-19.319371727748695,-62.5,3.112,25.43428186875001,24.21695570592332,1.4576809122932814,6.14481210261256,0.0,0
232,-18.376963350785346,-62.5,3.112,31.244740358093594,10.865007570177244,1.7412743558646004,2.8090062497114454,0.0,0
233,-17.434554973821996,-62.5,3.112,32.13031421188916,5.413061769185933,1.8910378362561253,1.3188863632724872,0.0,0
234,-16.492146596858646,-62.5,3.112,29.600643875618456,38.78306510595377,3.485743994827243,5.43979731730013,0.0,0
235,-15.549738219895294,-62.5,3.112,26.75284026652408,40.861393284138856,4.589346272258089,5.41717746919663,0.0,0
236,-14.607329842931941,-62.5,3.112,28.51656796390097,75.74598651226614,6.498648068612257,8.443451609346424,0.0,0
237,-13.664921465968591,-62.5,3.112,30.18895054036016,84.8342810749211,8.248621590983198,9.658220203414078,0.0,0
238,-12.72251308900524,-62.5,3.112,31.70407890290057,86.21482523312832,9.570050676361532,8.761565950181728,0.0,0
239,-11.780104712041888,-62.5,3.112,35.15207765126975,33.06074977620231,9.865900436282397,3.6323152326627675,0.0,0
240,-10.837696335078537,-62.5,3.112,43.67310639651126,48.55850948508864,12.60411314795658,6.101983478681946,0.0,0
241,-9.895287958115185,-62.5,3.112,53.99778088935449,1.18154415127661,15.265434183013195,0.1785984718312987,0.0,0
242,-8.952879581151834,-62.5,3.112,61.36835693201735,14.87611069104638,18.171355723076445,2.8330836723428763,0.0,0
243,-8.010471204188482,-62.5,3.112,81.72582827116663,23.54101166207814,21.58803894175222,5.724905311491077,0.0,0
244,-7.0680628272251305,-62.5,3.112,99.53751235089021,10.672832027133577,26.033397127729014,2.9578738289910227,0.0,0
245,-6.12565445026178,-62.5,3.112,127.47461061287737,32.00050664688427,32.308932514530554,10.273318897688526,0.0,0
246,-5.183246073298429,-62.5,3.112,163.0422074090394,92.88321199400771,39.218413739092,35.772656482566774,0.0,0
247,-4.2408376963350785,-62.5,3.112,195.49920233668036,39.731802025151794,42.65993529960941,17.28007621441588,0.0,0
248,-3.298429319371728,-62.5,3.112,227.93323555044404,100.05875978012747,49.20566328318013,45.06245376303896,0.0,0
249,-2.356020942408377,-62.5,3.112,306.65154800010396,101.95380483721168,55.62219371621206,53.416954002529366,0.0,3
250,-1.4136125654450262,-62.5,3.112,369.2000791315595,55.99307640515068,55.20291370569773,32.315954370135444,0.0,0
251,-0.4712041884816754,-62.5,3.112,442.6753689916233,95.04227649384876,56.241037191089454,58.51073891752825,0.0,3
252,0.4712041884816754,-62.5,3.112,526.6319761111378,94.52066924666036,55.65570432975503,54.90990215508338,0.0,3
253,1.4136125654450262,-62.5,3.112,531.4191307074575,65.61226547336766,51.93492695165959,30.255536164943496,0.0,1
254,2.356020942408377,-62.5,3.112,514.4163064643801,90.90552070869671,38.825340537351515,32.76448458094257,0.0,3
255,3.298429319371728,-62.5,3.112,430.2467088352288,107.49003583203589,28.07050572085912,29.32569268337974,0.16666666666666666,4
256,-18.376963350785346,-61.25,3.112,29.902446520223997,33.92589041940611,1.7547591943841352,6.927898430790535,0.0,0
257,-17.434554973821996,-61.25,3.112,28.615338271079757,20.982001939498925,2.2566189709371383,2.8266533347440856,0.0,0
258,-16.492146596858646,-61.25,3.112,27.223056855542957,26.259633415735276,2.8935169858685077,3.0952660790644417,0.0,0
259,-15.549738219895294,-61.25,3.112,27.414243846882087,33.54473757085148,4.306260207577072,2.8729566593751112,0.0,0
260,-14.607329842931941,-61.25,3.112,28.65834425574369,67.66469295396924,6.295682070041075,5.474616455034478,0.0,0
261,-13.664921465968591,-61.25,3.112,31.492354934918247,81.59449566156228,8.114413654719034,7.002870374660665,0.0,0
262,-12.72251308900524,-61.25,3.112,32.70529998218083,20.12275244615004,8.959226501627748,1.7702998921669908,0.0,0
263,-11.780104712041888,-61.25,3.112,41.84166817524761,15.540682205261756,10.012082875127915,1.8431832198311575,0.0,0
264,-10.837696335078537,-61.25,3.112,46.99686133470183,45.0640415762235,13.452640394457388,5.226096769581406,0.0,0
265,-9.895287958115185,-61.25,3.112,58.485947456448955,24.1358124659117,16.07880527982588,3.8078525367858562,0.0,0
266,-8.952879581151834,-61.25,3.112,70.03337361639427,22.776100547553444,18.607280824129635,4.593686213391845,0.0,0
267,-8.010471204188482,-61.25,3.112,83.08109194884807,19.590110949260666,21.80996671904446,4.503183121602526,0.0,0
268,-7.0680628272251305,-61.25,3.112,97.48619518567939,51.065433114493985,26.50232965217564,13.104658925694476,0.0,0
269,-6.12565445026178,-61.25,3.112,120.80741379839955,45.31023621989236,32.07886585402216,13.22219529068771,0.0,0
270,-5.183246073298429,-61.25,3.112,156.86040578318108,29.953855676050466,37.6766577614542,10.85671142370281,0.0,0
271,-4.2408376963350785,-61.25,3.112,188.25045679459964,6.898272467651668,41.499801721852485,2.7174903757939877,0.0,0
272,-3.298429319371728,-61.25,3.112,224.74387663497896,31.695179465776572,47.94669371504256,13.178379178482361,0.0,0
273,-2.356020942408377,-61.25,3.112,277.29013018068036,101.95702057759331,55.26351317632668,46.41099839882628,0.0,2
274,-1.4136125654450262,-61.25,3.112,364.19616514435756,68.70841251903703,56.55445890756295,36.384048692144496,0.0,0
275,-0.4712041884816754,-61.25,3.112,479.0039695911002,60.09980184831979,55.954431086814374,36.39830842007688,0.0,0
276,0.4712041884816754,-61.25,3.112,539.8717243989407,58.45051573632977,55.84249312016428,32.990618745539535,0.0,0
277,1.4136125654450262,-61.25,3.112,518.2843787629424,47.3206785344084,52.95066860567253,18.596049592979856,0.0,0
278,2.356020942408377,-61.25,3.112,471.83138114275823,9.126210505479735,45.67105767006385,2.3130625175997945,0.0,0
279,3.298429319371728,-61.25,3.112,361.9380938954783,76.94946262945986,35.40663784030314,11.25363805510517,0.16666666666666666,0
280,4.2408376963350785,-61.25,3.112,237.19714633934984,81.1508894696801,18.616194202496896,7.368904336497712,0.5,0
281,-15.549738219895294,-60.0,3.112,28.608927136874584,39.43248029479742,2.9934214818240816,3.687173146941173,0.0,0
282,-14.607329842931941,-60.0,3.112,26.817288339810766,42.07461689295969,5.917292058311878,2.3942352525159145,0.0,0
283,-13.664921465968591,-60.0,3.112,27.53044135518269,26.743808184282365,7.233652009932451,1.803880485976189,0.0,0
284,-12.72251308900524,-60.0,3.112,31.258314240333988,38.473732307041,8.953385583204069,2.9426823974038148,0.0,0
285,-11.780104712041888,-60.0,3.112,40.703211385277896,73.4848070294579,11.412874379194365,7.458457027725017,0.0,0
286,-10.837696335078537,-60.0,3.112,49.47260527119567,91.85971659312402,14.59542977288964,10.819247158518426,0.0,0
287,-9.895287958115185,-60.0,3.112,55.8027695388681,36.18657176834991,16.991445075781208,5.184638953261231,0.0,0
288,-8.952879581151834,-60.0,3.112,69.39597856371853,18.129311182135105,19.701113150177,3.495035851797754,0.0,0
289,-8.010471204188482,-60.0,3.112,83.35903502782726,45.625308497466854,22.80974560491082,10.069951945293791,0.0,0
290,-7.0680628272251305,-60.0,3.112,101.11889955172185,2.3707944858927816,27.05050171597386,0.5793385458002636,0.0,0
291,-6.12565445026178,-60.0,3.112,125.18024823684885,21.962945850278565,31.297212163986334,6.16978444518774,0.0,0
292,-5.183246073298429,-60.0,3.112,150.75250146322668,32.037260497540046,36.67222075327956,9.887490686008963,0.0,0
293,-4.2408376963350785,-60.0,3.112,185.31982740106974,4.380749793390845,40.669439739292415,1.5875238979718012,0.0,0
294,-3.298429319371728,-60.0,3.112,228.62220764751356,11.466097402953457,45.74805493709505,4.3756467907785614,0.0,0
295,-2.356020942408377,-60.0,3.112,267.027157457872,2.211299063841465,51.912925612922685,0.8695819226490881,0.0,0
296,-1.4136125654450262,-60.0,3.112,365.6505247918597,27.41809554236135,53.88278977374246,13.27185909548608,0.0,0
297,-0.4712041884816754,-60.0,3.112,476.010300413485,90.44640133768651,57.572369308323864,51.37099764179127,0.0,5
298,0.4712041884816754,-60.0,3.112,520.0403795294272,89.3629182602312,58.200443846615116,41.78267822367266,0.0,3
299,1.4136125654450262,-60.0,3.112,515.0650569026841,11.730661991567255,50.89135219206822,3.459783289204708,0.0,0
300,2.356020942408377,-60.0,3.112,468.77227410264504,45.69087018996832,43.20565337710358,7.142046581252299,0.0,0
301,3.298429319371728,-60.0,3.112,368.53105174615854,88.99393979472607,37.58821284319136,6.8675141532657245,0.0,0
302,4.2408376963350785,-60.0,3.112,271.548891658629,92.1740543875151,27.13621455555651,3.6643885922895927,0.0,0
303,5.183246073298429,-60.0,3.112,268.2550396842349,97.94750534603595,16.157334731738132,2.373086574771979,0.0,0
304,-13.664921465968591,-58.75,3.112,28.33956236789303,58.9655507657478,5.357921873233986,5.295054140054656,0.0,0
305,-12.72251308900524,-58.75,3.112,29.521206948731496,91.19474341309623,9.487510350476493,6.033724878835704,0.0,0
306,-11.780104712041888,-58.75,3.112,38.412326155869806,59.72590544358455,11.590204621344148,5.185513552872278,0.0,0
307,-10.837696335078537,-58.75,3.112,46.6071288180663,12.800108717212005,14.228589381801173,1.368949878833747,0.0,0
308,-9.895287958115185,-58.75,3.112,58.40520649522662,5.4962332360877815,16.44088270779033,0.7920328961887686,0.0,0
309,-8.952879581151834,-58.75,3.112,75.7632694907144,13.90811767842719,18.566800352462554,2.875588806951932,0.0,0
310,-8.010471204188482,-58.75,3.112,94.11525724455214,62.34873262816645,22.224939956911243,14.736714866160314,0.0,0
311,-7.0680628272251305,-58.75,3.112,109.25066532547217,4.37178018299357,26.86753208983924,1.0280838515607058,0.0,0
312,-6.12565445026178,-58.75,3.112,131.87974552489243,69.97419268248989,32.35815807390624,18.373489380509152,0.0,0
313,-5.183246073298429,-58.75,3.112,161.96242778974485,106.86432488938324,38.29118300665746,31.383109652338028,0.0,0
314,-4.2408376963350785,-58.75,3.112,179.38069690860002,48.165409985888324,41.01732792014776,15.19531165082739,0.0,0
315,-3.298429319371728,-58.75,3.112,224.60415231129463,12.715790454209609,45.266507460310265,4.198985227861484,0.0,0
316,-2.356020942408377,-58.75,3.112,245.70003354629614,22.16752409120716,49.27842185826085,7.118525550143585,0.0,0
317,-1.4136125654450262,-58.75,3.112,355.02561591378685,92.40569971365858,55.050636994380014,39.61865021270125,0.0,3
318,-0.4712041884816754,-58.75,3.112,465.452709945466,104.1996903717645,58.60546499965837,54.96189300722343,0.08333333333333333,5
319,0.4712041884816754,-58.75,3.112,510.79776346830727,102.92813681023254,59.61634658477865,47.753862963254754,0.03333333333333333,6
320,-13.664921465968591,-57.5,3.112,25.47340692645902,69.91214091808614,6.283723720280814,4.75107693418002,0.0,0
321,-12.72251308900524,-57.5,3.112,30.07374045050358,82.10679434611781,9.52272861583872,5.1164202576490165,0.0,0
322,-11.780104712041888,-57.5,3.112,35.82036484718448,23.092630134443755,11.271340392790899,1.9715947943759793,0.0,0
323,-10.837696335078537,-57.5,3.112,44.827234922295844,23.617383029731457,13.566454118153002,2.402266730777615,0.0,0
324,-9.895287958115185,-57.5,3.112,56.54309442305058,2.7518645525817624,16.781187244418934,0.34158166099366366,0.0,0
325,-8.952879581151834,-57.5,3.112,69.74458524967056,34.261330541201474,19.65397655240527,5.42269372887813,0.0,0
326,-8.010471204188482,-57.5,3.112,91.70170884820473,38.226294444919766,22.796419450856682,7.277783284997573,0.0,0
327,-7.0680628272251305,-57.5,3.112,109.86326506999856,70.25946001072045,28.013455705560908,13.852418863432268,0.0,0
328,-6.12565445026178,-57.5,3.112,123.20031705806961,17.698291266371506,33.49546505032587,3.3575757246725444,0.0,0
329,-5.183246073298429,-57.5,3.112,155.68704286970623,59.256462344506524,39.59111436809444,14.56441998327878,0.0,0
330,-4.2408376963350785,-57.5,3.112,173.24443777817456,36.58463740978608,41.26347992920157,10.245543679137478,0.0,0
331,-3.298429319371728,-57.5,3.112,192.94392853705037,51.3396755472326,44.798738568344156,13.211463656841653,0.0,0
332,-2.356020942408377,-57.5,3.112,235.7658268558996,46.03815869179799,48.93317485185575,12.459794384710833,0.0,0
333,-1.4136125654450262,-57.5,3.112,311.029041473959,97.88314353519301,56.08248324633452,35.13778403575486,0.0,2
334,-0.4712041884816754,-57.5,3.112,398.5676105518699,65.27344135375712,59.70381280511842,28.71365439299372,0.5,0
335,0.4712041884816754,-57.5,3.112,455.747944698118,64.79131071484545,60.26941069828275,27.793599216104404,0.16666666666666666,0
336,1.4136125654450262,-57.5,3.112,445.9127749309884,47.67825414056703,52.02086189256705,13.383855935668242,0.0,0
337,-13.664921465968591,-56.25,3.112,25.69518467892389,40.33850478275217,6.340532705069865,2.5733991156296123,0.0,0
338,-12.72251308900524,-56.25,3.112,28.50375045360242,50.719629395919,8.60041477663151,3.7153003713132113,0.0,0
339,-11.780104712041888,-56.25,3.112,29.22016246648042,10.141892767609356,10.520805455027599,0.7834939468721762,0.0,0
340,-10.837696335078537,-56.25,3.112,36.63052688234025,27.216912834548587,13.410860391124979,2.3582121621471286,0.0,0
341,-9.895287958115185,-56.25,3.112,44.45461012228265,0.5177094265054635,16.02738373246937,0.04949836766613722,0.0,0
342,-8.952879581151834,-56.25,3.112,53.673183957892114,64.5753015675162,20.13255659809637,7.376439738064223,0.0,0
343,-8.010471204188482,-56.25,3.112,76.10943643935417,56.95341138174774,24.812165311286194,7.36778729845429,0.0,0
344,-7.0680628272251305,-56.25,3.112,95.22755365812444,28.110190590202794,28.932283469824412,4.123732415544757,0.0,0
345,-6.12565445026178,-56.25,3.112,116.1339838333885,20.682997959227116,32.75605771851971,3.4914146363950884,0.0,0
346,-5.183246073298429,-56.25,3.112,134.98142318113676,20.040264691658685,37.70409083496252,3.9103086749826677,0.0,0
347,-4.2408376963350785,-56.25,3.112,148.34789553557184,29.055790167576454,39.6769185826449,5.965276584224059,0.0,0
348,-3.298429319371728,-56.25,3.112,182.2763140151044,29.896017245560106,43.41448270977936,6.62282649092209,0.0,0
349,-2.356020942408377,-56.25,3.112,229.4478426958929,53.12140369021752,51.00806280684363,11.746619312089633,0.0,0
350,-1.4136125654450262,-56.25,3.112,234.57913760909958,44.30395771120298,55.52706243631644,10.089402153438064,0.0,0
351,-0.4712041884816754,-56.25,3.112,282.83748886860246,75.71540466560114,58.94282340685211,18.488682217869762,0.5,0
352,0.4712041884816754,-56.25,3.112,329.16483063097695,76.56035166005196,60.875143204821285,18.62697037412277,0.16666666666666666,0
353,1.4136125654450262,-56.25,3.112,327.5552100034304,96.54196053194572,54.03274573627961,17.52339141379896,0.0,0
354,-14.607329842931941,-55.0,3.112,22.39102084951508,62.8815372901684,5.26691159907971,3.236824962900527,0.0,0
355,-13.664921465968591,-55.0,3.112,26.13721361692412,74.81091730149008,6.742756410306101,4.614235353822249,0.0,0
356,-12.72251308900524,-55.0,3.112,24.591454065768467,24.183979683425164,8.432457723059118,1.539141146648337,0.0,0
357,-11.780104712041888,-55.0,3.112,22.82902385566102,1.7228940068886005,10.280042671003988,0.10093967352143723,0.0,0
358,-10.837696335078537,-55.0,3.112,25.918721767200758,2.5774666910553106,13.067734186908343,0.17137553887359863,0.0,0
359,-9.895287958115185,-55.0,3.112,34.8918043926562,6.335086538730269,15.911409163257401,0.48320393248421806,0.0,0
360,-8.952879581151834,-55.0,3.112,49.218983027794295,59.136884301324834,20.312352313937073,5.522985666777814,0.0,0
361,-8.010471204188482,-55.0,3.112,66.09800822706357,11.767616365823114,25.075671841039192,1.2248570723487444,0.0,0
362,-7.0680628272251305,-55.0,3.112,79.97241574796688,20.34046603980754,28.410181426041287,2.2977937075183292,0.0,0
363,-6.12565445026178,-55.0,3.112,101.55777356389723,31.134523928790962,32.12057285612464,4.321594660205988,0.0,0
364,-5.183246073298429,-55.0,3.112,120.90706964397422,39.199744008801076,35.826167473978636,5.8450484458349425,0.0,0
365,-4.2408376963350785,-55.0,3.112,139.6067367013195,7.5103494122965655,38.058293298230495,1.149801137157627,0.0,0
366,-3.298429319371728,-55.0,3.112,163.06560626097007,11.898162971921074,43.116801108988895,1.8858998097952706,0.0,0
367,-2.356020942408377,-55.0,3.112,231.30374836786615,29.208399826179292,49.52430180807771,4.737579105655766,0.0,0
368,-1.4136125654450262,-55.0,3.112,214.95786362386158,35.94167160404475,52.04309600006328,5.38364290769704,0.0,0
369,-0.4712041884816754,-55.0,3.112,244.43859816046765,89.79170053842061,55.84278733499864,14.119387672023048,0.0,0
370,0.4712041884816754,-55.0,3.112,256.1720140007852,89.7814250598826,57.17454996998021,12.273776371135607,0.0,0
371,1.4136125654450262,-55.0,3.112,249.89800543474166,106.69613376460312,53.52295801598808,10.827289943351271,0.0,0
372,2.356020942408377,-55.0,3.112,264.959972514955,95.93099453849115,41.951316980786125,6.36873253991927,0.0,0
373,-14.607329842931941,-53.75,3.112,23.847747151412307,73.86705473763318,5.094596059719064,3.1630740285273253,0.0,0
374,-13.664921465968591,-53.75,3.112,24.490107453137067,78.84272589476322,7.005711322505397,3.9895629347367514,0.0,0
375,-12.72251308900524,-53.75,3.112,19.630240637128594,32.807137989649526,8.73464489634757,1.4883084489167575,0.0,0
376,-11.780104712041888,-53.75,3.112,19.42393317632951,51.54304963273353,10.8280422889834,2.361002611447076,0.0,0
377,-10.837696335078537,-53.75,3.112,23.2098820123462,22.09179755908774,13.229500307636554,1.226971988000639,0.0,0
378,-9.895287958115185,-53.75,3.112,31.56557742426461,23.02456611650203,16.14744814201817,1.5725360182668315,0.0,0
379,-8.952879581151834,-53.75,3.112,39.959644865395234,71.29365706549746,20.53440809004348,5.134986903436022,0.0,0
380,-8.010471204188482,-53.75,3.112,54.52163880180373,90.59975951621071,24.422191204424767,8.332198234285075,0.0,0
381,-7.0680628272251305,-53.75,3.112,66.57441728904354,41.06823912552512,28.713233898399505,4.070870883946505,0.0,0
382,-6.12565445026178,-53.75,3.112,79.13800380369861,15.914725607706265,32.50524660569524,1.4793877990197735,0.0,0
383,-5.183246073298429,-53.75,3.112,98.99210195213364,9.569895254648841,35.39248460528918,0.9098982284700432,0.0,0
384,-4.2408376963350785,-53.75,3.112,127.35946364218668,17.504511163928232,37.383179718176756,1.8233183188509625,0.0,0
385,-3.298429319371728,-53.75,3.112,166.41165899172427,1.8310481741503206,40.98427652165835,0.21969857142935728,0.0,0
386,-2.356020942408377,-53.75,3.112,197.20719742082,39.46892812159584,46.52485689682002,4.437796343271793,0.0,0
387,-1.4136125654450262,-53.75,3.112,233.7988853485433,22.96142409176716,49.93489238296767,2.3794865091638053,0.0,0
388,-0.4712041884816754,-53.75,3.112,235.1781960088635,68.13207452800165,53.09766286234164,6.380657102489831,0.0,0
389,0.4712041884816754,-53.75,3.112,213.64879765114,66.5161274860953,54.21075359056315,4.404102507986672,0.0,0
390,1.4136125654450262,-53.75,3.112,204.3779462432881,46.49414829831031,50.53520170873888,1.5889150822453528,0.0,0
391,2.356020942408377,-53.75,3.112,209.30531589997295,55.23553665375838,42.77763698018088,1.2704739918383487,0.0,0
392,-13.664921465968591,-52.5,3.112,23.522476570376924,70.0261700344261,5.9043664148117125,2.809741322618698,0.0,0
393,-12.72251308900524,-52.5,3.112,19.459161704009286,47.39942523457896,8.60135442476982,1.5663876043466756,0.0,0
394,-11.780104712041888,-52.5,3.112,18.803872170905592,64.66463603823144,11.085633805866946,2.392188713365921,0.0,0
395,-10.837696335078537,-52.5,3.112,23.719528194463642,51.91166639781189,13.77631747804055,2.323497394782505,0.0,0
396,-9.895287958115185,-52.5,3.112,28.461848584703343,64.18996190716133,17.34664179035631,2.9316697501044944,0.0,0
397,-8.952879581151834,-52.5,3.112,34.73549539935047,84.88245548518815,21.641814249170217,4.567693962659636,0.0,0
398,-8.010471204188482,-52.5,3.112,49.526972363954926,72.1167049157859,25.53682522812471,5.579157497181883,0.0,0
399,-7.0680628272251305,-52.5,3.112,51.479794912493034,21.407968603128275,27.67801338551472,1.5266634822548646,0.0,0
400,-6.12565445026178,-52.5,3.112,58.47706007653639,10.024976144149813,30.410242557426063,0.5176394712404455,0.0,0
401,-5.183246073298429,-52.5,3.112,81.00732837272605,48.523869008342736,34.379008780047556,2.829011940943507,0.0,0
402,-4.2408376963350785,-52.5,3.112,124.78892401198834,37.80328996589747,37.43368529786326,3.0198153046917176,0.0,0
403,-3.298429319371728,-52.5,3.112,171.89185026676242,8.194389821920854,40.063512529063864,0.7591360153499666,0.0,0
404,-2.356020942408377,-52.5,3.112,208.0762817887783,69.81740996560242,47.031500865800595,5.063762791360783,0.0,0
405,-1.4136125654450262,-52.5,3.112,249.63903638624006,15.054593785713392,50.67956814485371,0.6583107892718714,0.0,0
406,-0.4712041884816754,-52.5,3.112,233.353830157807,47.24943090667207,52.195915535903886,1.5151318596011278,0.0,0
407,0.4712041884816754,-52.5,3.112,205.6463262856602,45.655689950056875,53.361244697217494,1.0191110875849665,0.0,0
408,-8.952879581151834,-51.25,3.112,37.57386278947403,11.32553412633682,20.79559942891491,0.48795801723870097,0.0,0
409,-8.010471204188482,-51.25,3.112,42.380481073649186,40.87909723924038,24.566968006983856,1.9138533712881127,0.0,0
410,-7.0680628272251305,-51.25,3.112,42.317709329763346,29.381439917524613,28.075149071371985,0.952108127177486,0.0,0
411,-5.183246073298429,-51.25,3.112,76.86915947014094,51.78650670849698,36.25151626948345,1.5986561626292055,0.0,0
412,-4.2408376963350785,-51.25,3.112,113.71722986232527,24.04515606908641,38.906620247318855,1.1106769632587157,0.0,0
413,-3.298429319371728,-51.25,3.112,159.17961570457425,1.5416321596793516,40.33684423898125,0.09557955632717466,0.0,0
414,-2.356020942408377,-51.25,3.112,203.64811427114427,19.501972028968925,45.63627449226542,0.6469908815189215,0.0,0
415,-3.298429319371728,-50.0,3.112,140.20317722366366,5.889560819827787,38.99739387338418,0.13288085915393075,0.0,0
